APAPS_exp
0.000000  0.000000
0.300000  0.760000
0.500000  1.970000
0.750000  2.960000
1.000000  3.410000
1.500000  4.060000
2.000000  4.240000
3.000000  4.240000
4.000000  3.710000
5.000000  3.200000
6.000000  2.680000
7.000000  2.150000
8.000000  1.660000
12.000000  0.720000

APAPG
0.000000  0.000000
0.083333  0.005336
0.166667  0.042110
0.250000  0.124321
0.333333  0.255199
0.416667  0.434191
0.500000  0.658995
0.583333  0.926413
0.666667  1.232820
0.750000  1.574435
0.833333  1.947493
0.916667  2.348339
1.000000  2.773491
1.083333  3.219669
1.166667  3.683804
1.250000  4.163047
1.333333  4.654762
1.416667  5.156518
1.500000  5.666083
1.583333  6.181409
1.666667  6.700623
1.750000  7.222016
1.833333  7.744032
1.916667  8.265254
2.000000  8.784401
2.083333  9.300313
2.166667  9.811942
2.250000  10.318347
2.333333  10.818682
2.416667  11.312192
2.500000  11.798203
2.583333  12.276118
2.666667  12.745412
2.750000  13.205619
2.833333  13.656335
2.916667  14.097204
3.000000  14.527923
3.083333  14.948229
3.166667  15.357898
3.250000  15.756743
3.333333  16.144606
3.416667  16.521356
3.500000  16.886887
3.583333  17.241110
3.666667  17.583952
3.750000  17.915353
3.833333  18.235260
3.916667  18.543625
4.000000  18.840398
4.083333  19.125527
4.166667  19.398949
4.250000  19.660586
4.333333  19.910340
4.416667  20.148088
4.500000  20.373671
4.583333  20.586892
4.666667  20.787507
4.750000  20.975218
4.833333  21.149666
4.916667  21.310433
5.000000  21.457035
5.083333  21.588929
5.166667  21.705522
5.250000  21.806178
5.333333  21.890239
5.416667  21.957046
5.500000  22.005959
5.583333  22.036380
5.666667  22.047780
5.750000  22.039713
5.833333  22.011840
5.916667  21.963943
6.000000  21.895931
6.083333  21.807846
6.166667  21.699871
6.250000  21.572318
6.333333  21.425628
6.416667  21.260358
6.500000  21.077174
6.583333  20.876833
6.666667  20.660172
6.750000  20.428094
6.833333  20.181553
6.916667  19.921539
7.000000  19.649068
7.083333  19.365169
7.166667  19.070876
7.250000  18.767213
7.333333  18.455192
7.416667  18.135803
7.500000  17.810012
7.583333  17.478749
7.666667  17.142913
7.750000  16.803363
7.833333  16.460918
7.916667  16.116354
8.000000  15.770408
8.083333  15.423773
8.166667  15.077100
8.250000  14.730998
8.333333  14.386035
8.416667  14.042737
8.500000  13.701591
8.583333  13.363047
8.666667  13.027515
8.750000  12.695371
8.833333  12.366958
8.916667  12.042584
9.000000  11.722527
9.083333  11.407036
9.166667  11.096332
9.250000  10.790609
9.333333  10.490038
9.416667  10.194764
9.500000  9.904913
9.583333  9.620588
9.666667  9.341874
9.750000  9.068840
9.833333  8.801535
9.916667  8.539995
10.000000  8.284242
10.083333  8.034283
10.166667  7.790115
10.250000  7.551723
10.333333  7.319081
10.416667  7.092156
10.500000  6.870904
10.583333  6.655275
10.666667  6.445212
10.750000  6.240650
10.833333  6.041522
10.916667  5.847753
11.000000  5.659264
11.083333  5.475973
11.166667  5.297794
11.250000  5.124639
11.333333  4.956417
11.416667  4.793034
11.500000  4.634395
11.583333  4.480406
11.666667  4.330967
11.750000  4.185982
11.833333  4.045351
11.916667  3.908976
12.000000  3.776759

APAP_exp
0.000000  0.000000
0.300000  8.940000
0.500000  14.670000
0.750000  16.770000
1.000000  16.630000
1.500000  14.890000
2.000000  13.980000
3.000000  10.850000
4.000000  8.140000
5.000000  6.120000
6.000000  4.450000
7.000000  3.130000
8.000000  2.720000
12.000000  1.200000

APAPG_exp
0.000000  0.000000
0.300000  0.330000
0.500000  1.750000
0.750000  3.650000
1.000000  4.710000
1.500000  7.740000
2.000000  9.320000
3.000000  10.780000
4.000000  10.750000
5.000000  9.480000
6.000000  8.130000
7.000000  6.780000
8.000000  5.180000
12.000000  2.050000

APAP
0.000000  0.000012
0.083333  5.526041
0.166667  8.164145
0.250000  9.731536
0.333333  10.977009
0.416667  12.018793
0.500000  12.892431
0.583333  13.619704
0.666667  14.218135
0.750000  14.702738
0.833333  15.086602
0.916667  15.381227
1.000000  15.596754
1.083333  15.742154
1.166667  15.825377
1.250000  15.853475
1.333333  15.832711
1.416667  15.768628
1.500000  15.666212
1.583333  15.529856
1.666667  15.363479
1.750000  15.170568
1.833333  14.954230
1.916667  14.717235
2.000000  14.462048
2.083333  14.190871
2.166667  13.905666
2.250000  13.608186
2.333333  13.299996
2.416667  12.982498
2.500000  12.656425
2.583333  12.324055
2.666667  11.985647
2.750000  11.642217
2.833333  11.294601
2.916667  10.943548
3.000000  10.589741
3.083333  10.233806
3.166667  9.876320
3.250000  9.517825
3.333333  9.158827
3.416667  8.799813
3.500000  8.441252
3.583333  8.083606
3.666667  7.727337
3.750000  7.372916
3.833333  7.020832
3.916667  6.671600
4.000000  6.325773
4.083333  5.983951
4.166667  5.646793
4.250000  5.315025
4.333333  4.989450
4.416667  4.670953
4.500000  4.360489
4.583333  4.059087
4.666667  3.767814
4.750000  3.487731
4.833333  3.219844
4.916667  2.965037
5.000000  2.724013
5.083333  2.497249
5.166667  2.284973
5.250000  2.087168
5.333333  1.903597
5.416667  1.733844
5.500000  1.577355
5.583333  1.433481
5.666667  1.301513
5.750000  1.180711
5.833333  1.070327
5.916667  0.969617
6.000000  0.877862
6.083333  0.794367
6.166667  0.718469
6.250000  0.649542
6.333333  0.587002
6.416667  0.530300
6.500000  0.478928
6.583333  0.432413
6.666667  0.390320
6.750000  0.352248
6.833333  0.317828
6.916667  0.286725
7.000000  0.258626
7.083333  0.233250
7.166667  0.210340
7.250000  0.189660
7.333333  0.170998
7.416667  0.154160
7.500000  0.138971
7.583333  0.125271
7.666667  0.112916
7.750000  0.101899
7.833333  0.091883
7.916667  0.082841
8.000000  0.074687
8.083333  0.067328
8.166667  0.060693
8.250000  0.054710
8.333333  0.049315
8.416667  0.044452
8.500000  0.040067
8.583333  0.036113
8.666667  0.032550
8.750000  0.029337
8.833333  0.026442
8.916667  0.023831
9.000000  0.021479
9.083333  0.019358
9.166667  0.017447
9.250000  0.015724
9.333333  0.014171
9.416667  0.012771
9.500000  0.011510
9.583333  0.010373
9.666667  0.009349
9.750000  0.008425
9.833333  0.007593
9.916667  0.006843
10.000000  0.006167
10.083333  0.005558
10.166667  0.005009
10.250000  0.004514
10.333333  0.004068
10.416667  0.003666
10.500000  0.003304
10.583333  0.002978
10.666667  0.002683
10.750000  0.002418
10.833333  0.002179
10.916667  0.001964
11.000000  0.001770
11.083333  0.001595
11.166667  0.001438
11.250000  0.001296
11.333333  0.001168
11.416667  0.001052
11.500000  0.000948
11.583333  0.000855
11.666667  0.000770
11.750000  0.000694
11.833333  0.000626
11.916667  0.000564
12.000000  0.000508

APAPS
0.000000  0.000000
0.083333  0.013600
0.166667  0.098251
0.250000  0.268574
0.333333  0.511597
0.416667  0.808863
0.500000  1.142816
0.583333  1.498639
0.666667  1.864553
0.750000  2.231556
0.833333  2.592998
0.916667  2.944132
1.000000  3.281706
1.083333  3.603626
1.166667  3.908667
1.250000  4.196255
1.333333  4.466290
1.416667  4.719006
1.500000  4.954877
1.583333  5.174531
1.666667  5.378696
1.750000  5.568154
1.833333  5.743716
1.916667  5.906192
2.000000  6.056380
2.083333  6.195054
2.166667  6.322959
2.250000  6.440801
2.333333  6.549251
2.416667  6.648940
2.500000  6.740459
2.583333  6.824363
2.666667  6.901171
2.750000  6.971361
2.833333  7.035381
2.916667  7.093642
3.000000  7.146525
3.083333  7.194382
3.166667  7.237535
3.250000  7.276281
3.333333  7.310891
3.416667  7.341609
3.500000  7.368658
3.583333  7.392238
3.666667  7.412524
3.750000  7.429671
3.833333  7.443811
3.916667  7.455051
4.000000  7.463478
4.083333  7.469153
4.166667  7.472108
4.250000  7.472352
4.333333  7.469857
4.416667  7.464566
4.500000  7.456379
4.583333  7.445157
4.666667  7.430710
4.750000  7.412799
4.833333  7.391129
4.916667  7.365344
5.000000  7.335033
5.083333  7.299729
5.166667  7.258920
5.250000  7.212056
5.333333  7.158573
5.416667  7.097904
5.500000  7.029511
5.583333  6.952898
5.666667  6.867646
5.750000  6.773424
5.833333  6.670019
5.916667  6.557342
6.000000  6.435448
6.083333  6.304534
6.166667  6.164946
6.250000  6.017168
6.333333  5.861814
6.416667  5.699615
6.500000  5.531391
6.583333  5.358041
6.666667  5.180510
6.750000  4.999771
6.833333  4.816799
6.916667  4.632556
7.000000  4.447967
7.083333  4.263910
7.166667  4.081202
7.250000  3.900592
7.333333  3.722751
7.416667  3.548278
7.500000  3.377690
7.583333  3.211427
7.666667  3.049859
7.750000  2.893281
7.833333  2.741921
7.916667  2.595949
8.000000  2.455481
8.083333  2.320587
8.166667  2.191293
8.250000  2.067588
8.333333  1.949427
8.416667  1.836736
8.500000  1.729416
8.583333  1.627350
8.666667  1.530400
8.750000  1.438419
8.833333  1.351246
8.916667  1.268714
9.000000  1.190652
9.083333  1.116883
9.166667  1.047230
9.250000  0.981515
9.333333  0.919562
9.416667  0.861196
9.500000  0.806246
9.583333  0.754545
9.666667  0.705929
9.750000  0.660240
9.833333  0.617323
9.916667  0.577032
10.000000  0.539224
10.083333  0.503761
10.166667  0.470513
10.250000  0.439354
10.333333  0.410164
10.416667  0.382828
10.500000  0.357239
10.583333  0.333293
10.666667  0.310891
10.750000  0.289941
10.833333  0.270353
10.916667  0.252046
11.000000  0.234938
11.083333  0.218957
11.166667  0.204031
11.250000  0.190095
11.333333  0.177085
11.416667  0.164943
11.500000  0.153613
11.583333  0.143043
11.666667  0.133183
11.750000  0.123989
11.833333  0.115416
11.916667  0.107424
12.000000  0.099974

