APAPS_exp
0.000000  0.000000
0.300000  0.760000
0.500000  1.970000
0.750000  2.960000
1.000000  3.410000
1.500000  4.060000
2.000000  4.240000
3.000000  4.240000
4.000000  3.710000
5.000000  3.200000
6.000000  2.680000
7.000000  2.150000
8.000000  1.660000
12.000000  0.720000

APAPG
0.000000  0.000000
0.083333  0.011806
0.166667  0.091320
0.250000  0.264098
0.333333  0.531033
0.416667  0.885146
0.500000  1.316494
0.583333  1.814162
0.666667  2.367287
0.750000  2.965586
0.833333  3.599629
0.916667  4.260949
1.000000  4.942058
1.083333  5.636410
1.166667  6.338337
1.250000  7.042970
1.333333  7.746158
1.416667  8.444391
1.500000  9.134720
1.583333  9.814689
1.666667  10.482274
1.750000  11.135824
1.833333  11.774011
1.916667  12.395788
2.000000  13.000345
2.083333  13.587079
2.166667  14.155564
2.250000  14.705520
2.333333  15.236796
2.416667  15.749347
2.500000  16.243215
2.583333  16.718520
2.666667  17.175442
2.750000  17.614209
2.833333  18.035084
2.916667  18.438364
3.000000  18.824365
3.083333  19.193419
3.166667  19.545868
3.250000  19.882057
3.333333  20.202334
3.416667  20.507036
3.500000  20.796495
3.583333  21.071029
3.666667  21.330936
3.750000  21.576496
3.833333  21.807961
3.916667  22.025554
4.000000  22.229465
4.083333  22.419841
4.166667  22.596784
4.250000  22.760345
4.333333  22.910513
4.416667  23.047208
4.500000  23.170273
4.583333  23.279465
4.666667  23.374443
4.750000  23.454763
4.833333  23.519869
4.916667  23.569097
5.000000  23.601676
5.083333  23.616742
5.166667  23.613357
5.250000  23.590542
5.333333  23.547312
5.416667  23.482717
5.500000  23.395889
5.583333  23.286081
5.666667  23.152710
5.750000  22.995386
5.833333  22.813943
5.916667  22.608450
6.000000  22.379221
6.083333  22.126811
6.166667  21.852005
6.250000  21.555802
6.333333  21.239388
6.416667  20.904112
6.500000  20.551452
6.583333  20.182986
6.666667  19.800362
6.750000  19.405265
6.833333  18.999391
6.916667  18.584427
7.000000  18.162022
7.083333  17.733777
7.166667  17.301224
7.250000  16.865821
7.333333  16.428939
7.416667  15.991857
7.500000  15.555761
7.583333  15.121740
7.666667  14.690787
7.750000  14.263803
7.833333  13.841591
7.916667  13.424868
8.000000  13.014270
8.083333  12.610351
8.166667  12.213595
8.250000  11.824411
8.333333  11.443147
8.416667  11.070087
8.500000  10.705463
8.583333  10.349453
8.666667  10.002190
8.750000  9.663765
8.833333  9.334229
8.916667  9.013603
9.000000  8.701873
9.083333  8.399001
9.166667  8.104923
9.250000  7.819555
9.333333  7.542794
9.416667  7.274520
9.500000  7.014602
9.583333  6.762894
9.666667  6.519241
9.750000  6.283482
9.833333  6.055445
9.916667  5.834957
10.000000  5.621837
10.083333  5.415904
10.166667  5.216974
10.250000  5.024859
10.333333  4.839376
10.416667  4.660337
10.500000  4.487557
10.583333  4.320854
10.666667  4.160045
10.750000  4.004951
10.833333  3.855395
10.916667  3.711202
11.000000  3.572202
11.083333  3.438228
11.166667  3.309115
11.250000  3.184702
11.333333  3.064833
11.416667  2.949354
11.500000  2.838118
11.583333  2.730978
11.666667  2.627793
11.750000  2.528426
11.833333  2.432743
11.916667  2.340615
12.000000  2.251917

APAP_exp
0.000000  0.000000
0.300000  8.940000
0.500000  14.670000
0.750000  16.770000
1.000000  16.630000
1.500000  14.890000
2.000000  13.980000
3.000000  10.850000
4.000000  8.140000
5.000000  6.120000
6.000000  4.450000
7.000000  3.130000
8.000000  2.720000
12.000000  1.200000

APAPG_exp
0.000000  0.000000
0.300000  0.330000
0.500000  1.750000
0.750000  3.650000
1.000000  4.710000
1.500000  7.740000
2.000000  9.320000
3.000000  10.780000
4.000000  10.750000
5.000000  9.480000
6.000000  8.130000
7.000000  6.780000
8.000000  5.180000
12.000000  2.050000

APAP
0.000000  0.000012
0.083333  5.526041
0.166667  8.164145
0.250000  9.731536
0.333333  10.977009
0.416667  12.018793
0.500000  12.892431
0.583333  13.619704
0.666667  14.218135
0.750000  14.702738
0.833333  15.086602
0.916667  15.381227
1.000000  15.596754
1.083333  15.742154
1.166667  15.825377
1.250000  15.853475
1.333333  15.832711
1.416667  15.768628
1.500000  15.666212
1.583333  15.529856
1.666667  15.363479
1.750000  15.170568
1.833333  14.954230
1.916667  14.717235
2.000000  14.462048
2.083333  14.190871
2.166667  13.905666
2.250000  13.608186
2.333333  13.299996
2.416667  12.982498
2.500000  12.656425
2.583333  12.324055
2.666667  11.985647
2.750000  11.642217
2.833333  11.294601
2.916667  10.943548
3.000000  10.589741
3.083333  10.233806
3.166667  9.876320
3.250000  9.517825
3.333333  9.158827
3.416667  8.799813
3.500000  8.441252
3.583333  8.083606
3.666667  7.727337
3.750000  7.372916
3.833333  7.020832
3.916667  6.671600
4.000000  6.325773
4.083333  5.983951
4.166667  5.646793
4.250000  5.315025
4.333333  4.989450
4.416667  4.670953
4.500000  4.360489
4.583333  4.059087
4.666667  3.767814
4.750000  3.487731
4.833333  3.219844
4.916667  2.965037
5.000000  2.724013
5.083333  2.497249
5.166667  2.284973
5.250000  2.087168
5.333333  1.903597
5.416667  1.733844
5.500000  1.577355
5.583333  1.433481
5.666667  1.301513
5.750000  1.180711
5.833333  1.070327
5.916667  0.969617
6.000000  0.877862
6.083333  0.794367
6.166667  0.718469
6.250000  0.649542
6.333333  0.587002
6.416667  0.530300
6.500000  0.478928
6.583333  0.432413
6.666667  0.390320
6.750000  0.352248
6.833333  0.317828
6.916667  0.286725
7.000000  0.258626
7.083333  0.233250
7.166667  0.210340
7.250000  0.189660
7.333333  0.170998
7.416667  0.154160
7.500000  0.138971
7.583333  0.125271
7.666667  0.112916
7.750000  0.101899
7.833333  0.091883
7.916667  0.082841
8.000000  0.074687
8.083333  0.067328
8.166667  0.060693
8.250000  0.054710
8.333333  0.049315
8.416667  0.044452
8.500000  0.040067
8.583333  0.036113
8.666667  0.032550
8.750000  0.029337
8.833333  0.026442
8.916667  0.023831
9.000000  0.021479
9.083333  0.019358
9.166667  0.017447
9.250000  0.015724
9.333333  0.014171
9.416667  0.012771
9.500000  0.011510
9.583333  0.010373
9.666667  0.009349
9.750000  0.008425
9.833333  0.007593
9.916667  0.006843
10.000000  0.006167
10.083333  0.005558
10.166667  0.005009
10.250000  0.004514
10.333333  0.004068
10.416667  0.003666
10.500000  0.003304
10.583333  0.002978
10.666667  0.002683
10.750000  0.002418
10.833333  0.002179
10.916667  0.001964
11.000000  0.001770
11.083333  0.001595
11.166667  0.001438
11.250000  0.001296
11.333333  0.001168
11.416667  0.001052
11.500000  0.000948
11.583333  0.000855
11.666667  0.000770
11.750000  0.000694
11.833333  0.000626
11.916667  0.000564
12.000000  0.000508

APAPS
0.000000  0.000000
0.083333  0.024372
0.166667  0.165286
0.250000  0.426026
0.333333  0.769493
0.416667  1.160169
0.500000  1.571576
0.583333  1.985762
0.666667  2.391256
0.750000  2.781128
0.833333  3.151497
0.916667  3.500471
1.000000  3.827432
1.083333  4.132552
1.166667  4.416483
1.250000  4.680148
1.333333  4.924611
1.416667  5.150998
1.500000  5.360441
1.583333  5.554045
1.666667  5.732877
1.750000  5.897947
1.833333  6.050209
1.916667  6.190558
2.000000  6.319830
2.083333  6.438803
2.166667  6.548201
2.250000  6.648697
2.333333  6.740916
2.416667  6.825435
2.500000  6.902791
2.583333  6.973479
2.666667  7.037961
2.750000  7.096657
2.833333  7.149957
2.916667  7.198219
3.000000  7.241770
3.083333  7.280912
3.166667  7.315921
3.250000  7.347047
3.333333  7.374518
3.416667  7.398538
3.500000  7.419289
3.583333  7.436933
3.666667  7.451609
3.750000  7.463434
3.833333  7.472504
3.916667  7.478893
4.000000  7.482649
4.083333  7.483794
4.166667  7.482325
4.250000  7.478204
4.333333  7.471363
4.416667  7.461691
4.500000  7.449038
4.583333  7.433201
4.666667  7.413926
4.750000  7.390899
4.833333  7.363745
4.916667  7.332024
5.000000  7.295237
5.083333  7.252829
5.166667  7.204206
5.250000  7.148753
5.333333  7.085851
5.416667  7.014909
5.500000  6.935387
5.583333  6.846829
5.666667  6.748880
5.750000  6.641317
5.833333  6.524060
5.916667  6.397190
6.000000  6.260948
6.083333  6.115743
6.166667  5.962135
6.250000  5.800828
6.333333  5.632650
6.416667  5.458526
6.500000  5.279457
6.583333  5.096487
6.666667  4.910679
6.750000  4.723091
6.833333  4.534747
6.916667  4.346625
7.000000  4.159636
7.083333  3.974616
7.166667  3.792314
7.250000  3.613396
7.333333  3.438435
7.416667  3.267919
7.500000  3.102249
7.583333  2.941751
7.666667  2.786672
7.750000  2.637197
7.833333  2.493442
7.916667  2.355471
8.000000  2.223306
8.083333  2.096933
8.166667  1.976300
8.250000  1.861327
8.333333  1.751905
8.416667  1.647905
8.500000  1.549183
8.583333  1.455577
8.666667  1.366918
8.750000  1.283028
8.833333  1.203725
8.916667  1.128822
9.000000  1.058135
9.083333  0.991475
9.166667  0.928661
9.250000  0.869509
9.333333  0.813842
9.416667  0.761486
9.500000  0.712273
9.583333  0.666039
9.666667  0.622626
9.750000  0.581881
9.833333  0.543659
9.916667  0.507818
10.000000  0.474225
10.083333  0.442751
10.166667  0.413273
10.250000  0.385676
10.333333  0.359847
10.416667  0.335681
10.500000  0.313079
10.583333  0.291945
10.666667  0.272190
10.750000  0.253729
10.833333  0.236482
10.916667  0.220372
11.000000  0.205329
11.083333  0.191286
11.166667  0.178178
11.250000  0.165945
11.333333  0.154533
11.416667  0.143887
11.500000  0.133959
11.583333  0.124701
11.666667  0.116070
11.750000  0.108025
11.833333  0.100527
11.916667  0.093540
12.000000  0.087030

