APAPS_exp
0.000000  0.000000
0.300000  0.760000
0.500000  1.970000
0.750000  2.960000
1.000000  3.410000
1.500000  4.060000
2.000000  4.240000
3.000000  4.240000
4.000000  3.710000
5.000000  3.200000
6.000000  2.680000
7.000000  2.150000
8.000000  1.660000
12.000000  0.720000

APAPG
0.000000  0.000000
0.083333  0.001408
0.166667  0.011146
0.250000  0.033231
0.333333  0.068994
0.416667  0.118796
0.500000  0.182525
0.583333  0.259801
0.666667  0.350092
0.750000  0.452781
0.833333  0.567211
0.916667  0.692709
1.000000  0.828606
1.083333  0.974244
1.166667  1.128985
1.250000  1.292213
1.333333  1.463336
1.416667  1.641787
1.500000  1.827023
1.583333  2.018527
1.666667  2.215803
1.750000  2.418379
1.833333  2.625805
1.916667  2.837652
2.000000  3.053511
2.083333  3.272992
2.166667  3.495723
2.250000  3.721349
2.333333  3.949532
2.416667  4.179951
2.500000  4.412298
2.583333  4.646281
2.666667  4.881619
2.750000  5.118047
2.833333  5.355309
2.916667  5.593163
3.000000  5.831375
3.083333  6.069724
3.166667  6.307995
3.250000  6.545985
3.333333  6.783497
3.416667  7.020341
3.500000  7.256337
3.583333  7.491307
3.666667  7.725081
3.750000  7.957491
3.833333  8.188374
3.916667  8.417569
4.000000  8.644916
4.083333  8.870256
4.166667  9.093428
4.250000  9.314268
4.333333  9.532609
4.416667  9.748276
4.500000  9.961086
4.583333  10.170846
4.666667  10.377350
4.750000  10.580377
4.833333  10.779688
4.916667  10.975028
5.000000  11.166121
5.083333  11.352674
5.166667  11.534377
5.250000  11.710908
5.333333  11.881934
5.416667  12.047120
5.500000  12.206130
5.583333  12.358641
5.666667  12.504341
5.750000  12.642941
5.833333  12.774177
5.916667  12.897816
6.000000  13.013661
6.083333  13.121551
6.166667  13.221361
6.250000  13.313008
6.333333  13.396446
6.416667  13.471667
6.500000  13.538696
6.583333  13.597594
6.666667  13.648449
6.750000  13.691377
6.833333  13.726519
6.916667  13.754035
7.000000  13.774104
7.083333  13.786920
7.166667  13.792690
7.250000  13.791630
7.333333  13.783964
7.416667  13.769922
7.500000  13.749738
7.583333  13.723649
7.666667  13.691891
7.750000  13.654701
7.833333  13.612316
7.916667  13.564968
8.000000  13.512888
8.083333  13.456304
8.166667  13.395438
8.250000  13.330509
8.333333  13.261731
8.416667  13.189311
8.500000  13.113454
8.583333  13.034355
8.666667  12.952206
8.750000  12.867193
8.833333  12.779495
8.916667  12.689285
9.000000  12.596732
9.083333  12.501997
9.166667  12.405236
9.250000  12.306599
9.333333  12.206231
9.416667  12.104270
9.500000  12.000851
9.583333  11.896100
9.666667  11.790141
9.750000  11.683091
9.833333  11.575064
9.916667  11.466168
10.000000  11.356505
10.083333  11.246175
10.166667  11.135271
10.250000  11.023885
10.333333  10.912101
10.416667  10.800002
10.500000  10.687666
10.583333  10.575166
10.666667  10.462575
10.750000  10.349959
10.833333  10.237382
10.916667  10.124904
11.000000  10.012584
11.083333  9.900476
11.166667  9.788631
11.250000  9.677099
11.333333  9.565926
11.416667  9.455155
11.500000  9.344828
11.583333  9.234984
11.666667  9.125659
11.750000  9.016888
11.833333  8.908703
11.916667  8.801135
12.000000  8.694212

APAP_exp
0.000000  0.000000
0.300000  8.940000
0.500000  14.670000
0.750000  16.770000
1.000000  16.630000
1.500000  14.890000
2.000000  13.980000
3.000000  10.850000
4.000000  8.140000
5.000000  6.120000
6.000000  4.450000
7.000000  3.130000
8.000000  2.720000
12.000000  1.200000

APAPG_exp
0.000000  0.000000
0.300000  0.330000
0.500000  1.750000
0.750000  3.650000
1.000000  4.710000
1.500000  7.740000
2.000000  9.320000
3.000000  10.780000
4.000000  10.750000
5.000000  9.480000
6.000000  8.130000
7.000000  6.780000
8.000000  5.180000
12.000000  2.050000

APAP
0.000000  0.000015
0.083333  7.015832
0.166667  10.097450
0.250000  11.792112
0.333333  13.080663
0.416667  14.120170
0.500000  14.959126
0.583333  15.627553
0.666667  16.149397
0.750000  16.544847
0.833333  16.831167
0.916667  17.023197
1.000000  17.133731
1.083333  17.173823
1.166667  17.153035
1.250000  17.079643
1.333333  16.960823
1.416667  16.802792
1.500000  16.610920
1.583333  16.389925
1.666667  16.143860
1.750000  15.876253
1.833333  15.590169
1.916667  15.288272
2.000000  14.972879
2.083333  14.646006
2.166667  14.309409
2.250000  13.964617
2.333333  13.612966
2.416667  13.254753
2.500000  12.893180
2.583333  12.527412
2.666667  12.158623
2.750000  11.787543
2.833333  11.414798
2.916667  11.040945
3.000000  10.666484
3.083333  10.291872
3.166667  9.917530
3.250000  9.543850
3.333333  9.171206
3.416667  8.799960
3.500000  8.430469
3.583333  8.063091
3.666667  7.698198
3.750000  7.336178
3.833333  6.977448
3.916667  6.622461
4.000000  6.271716
4.083333  5.925771
4.166667  5.585247
4.250000  5.250844
4.333333  4.923345
4.416667  4.603615
4.500000  4.292596
4.583333  3.991300
4.666667  3.700765
4.750000  3.422014
4.833333  3.155998
4.916667  2.903526
5.000000  2.665214
5.083333  2.441443
5.166667  2.232346
5.250000  2.037816
5.333333  1.857540
5.416667  1.691042
5.500000  1.537720
5.583333  1.396891
5.666667  1.267823
5.750000  1.149763
5.833333  1.041954
5.916667  0.943651
6.000000  0.854136
6.083333  0.772716
6.166667  0.698736
6.250000  0.631577
6.333333  0.570662
6.416667  0.515451
6.500000  0.465445
6.583333  0.420179
6.666667  0.379226
6.750000  0.342192
6.833333  0.308720
6.916667  0.278478
7.000000  0.251162
7.083333  0.226497
7.166667  0.204231
7.250000  0.184136
7.333333  0.166005
7.416667  0.149647
7.500000  0.134893
7.583333  0.121587
7.666667  0.109588
7.750000  0.098908
7.833333  0.089174
7.916667  0.080394
8.000000  0.072474
8.083333  0.065330
8.166667  0.058888
8.250000  0.053080
8.333333  0.047843
8.416667  0.043122
8.500000  0.038866
8.583333  0.035030
8.666667  0.031572
8.750000  0.028454
8.833333  0.025644
8.916667  0.023112
9.000000  0.020829
9.083333  0.018772
9.166667  0.016917
9.250000  0.015246
9.333333  0.013740
9.416667  0.012382
9.500000  0.011159
9.583333  0.010056
9.666667  0.009063
9.750000  0.008167
9.833333  0.007360
9.916667  0.006633
10.000000  0.005977
10.083333  0.005387
10.166667  0.004854
10.250000  0.004375
10.333333  0.003942
10.416667  0.003553
10.500000  0.003202
10.583333  0.002885
10.666667  0.002600
10.750000  0.002343
10.833333  0.002112
10.916667  0.001903
11.000000  0.001715
11.083333  0.001545
11.166667  0.001393
11.250000  0.001255
11.333333  0.001131
11.416667  0.001019
11.500000  0.000919
11.583333  0.000828
11.666667  0.000746
11.750000  0.000672
11.833333  0.000606
11.916667  0.000546
12.000000  0.000492

APAPS
0.000000  0.000000
0.083333  0.005894
0.166667  0.044081
0.250000  0.125639
0.333333  0.249699
0.416667  0.411547
0.500000  0.605287
0.583333  0.824894
0.666667  1.064681
0.750000  1.319491
0.833333  1.584766
0.916667  1.856553
1.000000  2.131469
1.083333  2.406660
1.166667  2.679746
1.250000  2.948769
1.333333  3.212141
1.416667  3.468594
1.500000  3.717138
1.583333  3.957024
1.666667  4.187702
1.750000  4.408797
1.833333  4.620077
1.916667  4.821432
2.000000  5.012852
2.083333  5.194409
2.166667  5.366244
2.250000  5.528550
2.333333  5.681562
2.416667  5.825550
2.500000  5.960806
2.583333  6.087642
2.666667  6.206379
2.750000  6.317347
2.833333  6.420874
2.916667  6.517290
3.000000  6.606919
3.083333  6.690079
3.166667  6.767078
3.250000  6.838216
3.333333  6.903778
3.416667  6.964038
3.500000  7.019257
3.583333  7.069679
3.666667  7.115534
3.750000  7.157034
3.833333  7.194377
3.916667  7.227739
4.000000  7.257281
4.083333  7.283141
4.166667  7.305438
4.250000  7.324266
4.333333  7.339695
4.416667  7.351767
4.500000  7.360495
4.583333  7.365859
4.666667  7.367801
4.750000  7.366224
4.833333  7.360989
4.916667  7.351912
5.000000  7.338760
5.083333  7.321258
5.166667  7.299088
5.250000  7.271893
5.333333  7.239291
5.416667  7.200880
5.500000  7.156255
5.583333  7.105021
5.666667  7.046807
5.750000  6.981282
5.833333  6.908174
5.916667  6.827275
6.000000  6.738459
6.083333  6.641691
6.166667  6.537028
6.250000  6.424625
6.333333  6.304735
6.416667  6.177703
6.500000  6.043958
6.583333  5.904006
6.666667  5.758420
6.750000  5.607822
6.833333  5.452874
6.916667  5.294265
7.000000  5.132694
7.083333  4.968865
7.166667  4.803469
7.250000  4.637180
7.333333  4.470644
7.416667  4.304473
7.500000  4.139242
7.583333  3.975482
7.666667  3.813682
7.750000  3.654282
7.833333  3.497675
7.916667  3.344209
8.000000  3.194187
8.083333  3.047869
8.166667  2.905476
8.250000  2.767187
8.333333  2.633146
8.416667  2.503462
8.500000  2.378211
8.583333  2.257443
8.666667  2.141178
8.750000  2.029416
8.833333  1.922132
8.916667  1.819284
9.000000  1.720815
9.083333  1.626652
9.166667  1.536710
9.250000  1.450894
9.333333  1.369099
9.416667  1.291215
9.500000  1.217125
9.583333  1.146707
9.666667  1.079839
9.750000  1.016393
9.833333  0.956242
9.916667  0.899257
10.000000  0.845312
10.083333  0.794279
10.166667  0.746034
10.250000  0.700453
10.333333  0.657416
10.416667  0.616804
10.500000  0.578502
10.583333  0.542400
10.666667  0.508387
10.750000  0.476359
10.833333  0.446216
10.916667  0.417859
11.000000  0.391194
11.083333  0.366131
11.166667  0.342584
11.250000  0.320469
11.333333  0.299708
11.416667  0.280226
11.500000  0.261949
11.583333  0.244810
11.666667  0.228742
11.750000  0.213684
11.833333  0.199577
11.916667  0.186364
12.000000  0.173993

