APAPS_exp
0.000000  0.000000
0.300000  0.760000
0.500000  1.970000
0.750000  2.960000
1.000000  3.410000

APAPG
0.000000  0.000000
0.083333  0.001347
0.166667  0.010767
0.250000  0.032200
0.333333  0.066976
0.416667  0.115480
0.500000  0.177639
0.583333  0.253113
0.666667  0.341414
0.750000  0.441963
0.833333  0.554141
0.916667  0.677309
1.000000  0.810826

APAP_exp
0.000000  0.000000
0.300000  8.940000
0.500000  14.670000
0.750000  16.770000
1.000000  16.630000

APAPG_exp
0.000000  0.000000
0.300000  0.330000
0.500000  1.750000
0.750000  3.650000
1.000000  4.710000

APAP
0.000000  0.000012
0.083333  5.526041
0.166667  8.164145
0.250000  9.731536
0.333333  10.977009
0.416667  12.018793
0.500000  12.892431
0.583333  13.619704
0.666667  14.218135
0.750000  14.702738
0.833333  15.086602
0.916667  15.381227
1.000000  15.596754

APAPS
0.000000  0.000000
0.083333  0.005663
0.166667  0.042848
0.250000  0.122659
0.333333  0.244393
0.416667  0.403518
0.500000  0.594299
0.583333  0.810849
0.666667  1.047594
0.750000  1.299465
0.833333  1.561973
0.916667  1.831213
1.000000  2.103839

