APAPS_exp
0.000000  0.000000
0.300000  0.760000
0.500000  1.970000
0.750000  2.960000
1.000000  3.410000
1.500000  4.060000
2.000000  4.240000
3.000000  4.240000
4.000000  3.710000
5.000000  3.200000
6.000000  2.680000
7.000000  2.150000
8.000000  1.660000
12.000000  0.720000

APAPG
0.000000  0.000000
0.083333  0.006979
0.166667  0.053782
0.250000  0.156476
0.333333  0.316055
0.416667  0.528284
0.500000  0.786983
0.583333  1.085380
0.666667  1.416777
0.750000  1.774883
0.833333  2.153976
0.916667  2.548954
1.000000  2.955335
1.083333  3.369225
1.166667  3.787269
1.250000  4.206600
1.333333  4.624784
1.416667  5.039772
1.500000  5.449849
1.583333  5.853595
1.666667  6.249843
1.750000  6.637648
1.833333  7.016256
1.916667  7.385075
2.000000  7.743658
2.083333  8.091675
2.166667  8.428901
2.250000  8.755201
2.333333  9.070511
2.416667  9.374832
2.500000  9.668219
2.583333  9.950770
2.666667  10.222618
2.750000  10.483931
2.833333  10.734897
2.916667  10.975725
3.000000  11.206642
3.083333  11.427884
3.166667  11.639698
3.250000  11.842335
3.333333  12.036052
3.416667  12.221109
3.500000  12.397763
3.583333  12.566274
3.666667  12.726897
3.750000  12.879886
3.833333  13.025491
3.916667  13.163956
4.000000  13.295523
4.083333  13.420425
4.166667  13.538894
4.250000  13.651151
4.333333  13.757416
4.416667  13.857898
4.500000  13.952803
4.583333  14.042329
4.666667  14.126668
4.750000  14.206008
4.833333  14.280526
4.916667  14.350396
5.000000  14.415786
5.083333  14.476856
5.166667  14.533761
5.250000  14.586651
5.333333  14.635668
5.416667  14.680950
5.500000  14.722629
5.583333  14.760831
5.666667  14.795678
5.750000  14.827284
5.833333  14.855759
5.916667  14.881209
6.000000  14.903734
6.083333  14.923429
6.166667  14.940385
6.250000  14.954688
6.333333  14.966417
6.416667  14.975647
6.500000  14.982445
6.583333  14.986876
6.666667  14.988997
6.750000  14.988860
6.833333  14.986511
6.916667  14.981992
7.000000  14.975336
7.083333  14.966569
7.166667  14.955712
7.250000  14.942776
7.333333  14.927763
7.416667  14.910667
7.500000  14.891469
7.583333  14.870139
7.666667  14.846632
7.750000  14.820888
7.833333  14.792826
7.916667  14.762347
8.000000  14.729324
8.083333  14.693603
8.166667  14.654995
8.250000  14.613273
8.333333  14.568164
8.416667  14.519346
8.500000  14.466441
8.583333  14.409013
8.666667  14.346565
8.750000  14.278543
8.833333  14.204346
8.916667  14.123338
9.000000  14.034869
9.083333  13.938298
9.166667  13.833020
9.250000  13.718492
9.333333  13.594260
9.416667  13.459975
9.500000  13.315413
9.583333  13.160482
9.666667  12.995224
9.750000  12.819818
9.833333  12.634566
9.916667  12.439889
10.000000  12.236311
10.083333  12.024443
10.166667  11.804965
10.250000  11.578614
10.333333  11.346165
10.416667  11.108415
10.500000  10.866175
10.583333  10.620248
10.666667  10.371428
10.750000  10.120485
10.833333  9.868162
10.916667  9.615165
11.000000  9.362162
11.083333  9.109773
11.166667  8.858578
11.250000  8.609111
11.333333  8.361863
11.416667  8.117276
11.500000  7.875752
11.583333  7.637647
11.666667  7.403277
11.750000  7.172918
11.833333  6.946808
11.916667  6.725150
12.000000  6.508115

APAP_exp
0.000000  0.000000
0.300000  8.940000
0.500000  14.670000
0.750000  16.770000
1.000000  16.630000
1.500000  14.890000
2.000000  13.980000
3.000000  10.850000
4.000000  8.140000
5.000000  6.120000
6.000000  4.450000
7.000000  3.130000
8.000000  2.720000
12.000000  1.200000

APAPG_exp
0.000000  0.000000
0.300000  0.330000
0.500000  1.750000
0.750000  3.650000
1.000000  4.710000
1.500000  7.740000
2.000000  9.320000
3.000000  10.780000
4.000000  10.750000
5.000000  9.480000
6.000000  8.130000
7.000000  6.780000
8.000000  5.180000
12.000000  2.050000

APAP
0.000000  0.000012
0.083333  6.518095
0.166667  9.446646
0.250000  11.177957
0.333333  12.573070
0.416667  13.763527
0.500000  14.786052
0.583333  15.662322
0.666667  16.409697
0.750000  17.043071
0.833333  17.575445
0.916667  18.018248
1.000000  18.381570
1.083333  18.674337
1.166667  18.904463
1.250000  19.078973
1.333333  19.204104
1.416667  19.285400
1.500000  19.327790
1.583333  19.335659
1.666667  19.312905
1.750000  19.262997
1.833333  19.189020
1.916667  19.093721
2.000000  18.979543
2.083333  18.848658
2.166667  18.703001
2.250000  18.544295
2.333333  18.374069
2.416667  18.193687
2.500000  18.004361
2.583333  17.807171
2.666667  17.603078
2.750000  17.392934
2.833333  17.177497
2.916667  16.957444
3.000000  16.733385
3.083333  16.505851
3.166667  16.275320
3.250000  16.042217
3.333333  15.806919
3.416667  15.569762
3.500000  15.331047
3.583333  15.091039
3.666667  14.849976
3.750000  14.608069
3.833333  14.365508
3.916667  14.122460
4.000000  13.879074
4.083333  13.635484
4.166667  13.391809
4.250000  13.148156
4.333333  12.904619
4.416667  12.661284
4.500000  12.418226
4.583333  12.175515
4.666667  11.933211
4.750000  11.691369
4.833333  11.450040
4.916667  11.209269
5.000000  10.969096
5.083333  10.729560
5.166667  10.490695
5.250000  10.252532
5.333333  10.015101
5.416667  9.778430
5.500000  9.542544
5.583333  9.307470
5.666667  9.073231
5.750000  8.839850
5.833333  8.607352
5.916667  8.375759
6.000000  8.144545
6.083333  7.915144
6.166667  7.686425
6.250000  7.458685
6.333333  7.231972
6.416667  7.006320
6.500000  6.781762
6.583333  6.558333
6.666667  6.336071
6.750000  6.115020
6.833333  5.895228
6.916667  5.676746
7.000000  5.459635
7.083333  5.243962
7.166667  5.029804
7.250000  4.817250
7.333333  4.606401
7.416667  4.397372
7.500000  4.190300
7.583333  3.985339
7.666667  3.782674
7.750000  3.582518
7.833333  3.385120
7.916667  3.190770
8.000000  2.999808
8.083333  2.812627
8.166667  2.629680
8.250000  2.451478
8.333333  2.278587
8.416667  2.111613
8.500000  1.951183
8.583333  1.797904
8.666667  1.652324
8.750000  1.514881
8.833333  1.385875
8.916667  1.265443
9.000000  1.153559
9.083333  1.050057
9.166667  0.954654
9.250000  0.866988
9.333333  0.786637
9.416667  0.713153
9.500000  0.646073
9.583333  0.584937
9.666667  0.529290
9.750000  0.478702
9.833333  0.432761
9.916667  0.391078
10.000000  0.353292
10.083333  0.319060
10.166667  0.288069
10.250000  0.260026
10.333333  0.234663
10.416667  0.211734
10.500000  0.191015
10.583333  0.172297
10.666667  0.155394
10.750000  0.140133
10.833333  0.126359
10.916667  0.113928
11.000000  0.102836
11.083333  0.092744
11.166667  0.083633
11.250000  0.075413
11.333333  0.067999
11.416667  0.061312
11.500000  0.055280
11.583333  0.049836
11.666667  0.044927
11.750000  0.040500
11.833333  0.036509
11.916667  0.032909
12.000000  0.029664

APAPS
0.000000  0.000000
0.083333  0.015292
0.166667  0.107374
0.250000  0.285088
0.333333  0.525759
0.416667  0.804424
0.500000  1.101253
0.583333  1.402261
0.666667  1.698264
0.750000  1.983587
0.833333  2.254978
0.916667  2.510797
1.000000  2.750446
1.083333  2.973979
1.166667  3.181842
1.250000  3.374708
1.333333  3.553368
1.416667  3.718661
1.500000  3.871434
1.583333  4.012517
1.666667  4.142706
1.750000  4.262757
1.833333  4.373384
1.916667  4.475256
2.000000  4.568996
2.083333  4.655187
2.166667  4.734370
2.250000  4.807051
2.333333  4.873696
2.416667  4.934740
2.500000  4.990588
2.583333  5.041613
2.666667  5.088163
2.750000  5.130562
2.833333  5.169107
2.916667  5.204077
3.000000  5.235729
3.083333  5.264303
3.166667  5.290019
3.250000  5.313083
3.333333  5.333687
3.416667  5.352007
3.500000  5.368206
3.583333  5.382436
3.666667  5.394840
3.750000  5.405546
3.833333  5.414676
3.916667  5.422342
4.000000  5.428649
4.083333  5.433691
4.166667  5.437560
4.250000  5.440336
4.333333  5.442097
4.416667  5.442913
4.500000  5.442849
4.583333  5.441967
4.666667  5.440321
4.750000  5.437964
4.833333  5.434942
4.916667  5.431301
5.000000  5.427079
5.083333  5.422315
5.166667  5.417042
5.250000  5.411292
5.333333  5.405092
5.416667  5.398470
5.500000  5.391447
5.583333  5.384047
5.666667  5.376287
5.750000  5.368185
5.833333  5.359756
5.916667  5.351012
6.000000  5.341966
6.083333  5.332628
6.166667  5.323007
6.250000  5.313110
6.333333  5.302940
6.416667  5.292498
6.500000  5.281785
6.583333  5.270796
6.666667  5.259529
6.750000  5.247975
6.833333  5.236127
6.916667  5.223974
7.000000  5.211499
7.083333  5.198688
7.166667  5.185517
7.250000  5.171962
7.333333  5.157992
7.416667  5.143572
7.500000  5.128660
7.583333  5.113205
7.666667  5.097148
7.750000  5.080420
7.833333  5.062939
7.916667  5.044608
8.000000  5.025310
8.083333  5.004910
8.166667  4.983245
8.250000  4.960124
8.333333  4.935321
8.416667  4.908569
8.500000  4.879561
8.583333  4.847944
8.666667  4.813318
8.750000  4.775248
8.833333  4.733265
8.916667  4.686893
9.000000  4.635658
9.083333  4.579125
9.166667  4.516915
9.250000  4.448732
9.333333  4.374385
9.416667  4.293797
9.500000  4.207020
9.583333  4.114230
9.666667  4.015723
9.750000  3.911908
9.833333  3.803287
9.916667  3.690439
10.000000  3.574000
10.083333  3.454646
10.166667  3.333069
10.250000  3.209962
10.333333  3.086003
10.416667  2.961844
10.500000  2.838096
10.583333  2.715324
10.666667  2.594043
10.750000  2.474711
10.833333  2.357732
10.916667  2.243451
11.000000  2.132160
11.083333  2.024095
11.166667  1.919443
11.250000  1.818353
11.333333  1.720934
11.416667  1.627260
11.500000  1.537370
11.583333  1.451274
11.666667  1.368956
11.750000  1.290379
11.833333  1.215485
11.916667  1.144201
12.000000  1.076442

