APAPS_exp
0.000000  0.000000
0.300000  0.760000
0.500000  1.970000
0.750000  2.960000
1.000000  3.410000
1.500000  4.060000
2.000000  4.240000
3.000000  4.240000
4.000000  3.710000
5.000000  3.200000
6.000000  2.680000
7.000000  2.150000
8.000000  1.660000
12.000000  0.720000

APAPG
0.000000  0.000000
0.016667  0.000018
0.033333  0.000292
0.050000  0.001276
0.066667  0.003402
0.083333  0.007019
0.100000  0.012396
0.116667  0.019738
0.133333  0.029197
0.150000  0.040879
0.166667  0.054860
0.183333  0.071188
0.200000  0.089887
0.216667  0.110965
0.233333  0.134416
0.250000  0.160222
0.266667  0.188355
0.283333  0.218780
0.300000  0.251456
0.316667  0.286337
0.333333  0.323372
0.350000  0.362508
0.366667  0.403690
0.383333  0.446860
0.400000  0.491959
0.416667  0.538928
0.433333  0.587705
0.450000  0.638231
0.466667  0.690444
0.483333  0.744284
0.500000  0.799690
0.516667  0.856604
0.533333  0.914965
0.550000  0.974716
0.566667  1.035799
0.583333  1.098158
0.600000  1.161738
0.616667  1.226483
0.633333  1.292342
0.650000  1.359260
0.666667  1.427189
0.683333  1.496077
0.700000  1.565877
0.716667  1.636540
0.733333  1.708020
0.750000  1.780274
0.766667  1.853255
0.783333  1.926923
0.800000  2.001235
0.816667  2.076151
0.833333  2.151631
0.850000  2.227639
0.866667  2.304136
0.883333  2.381086
0.900000  2.458455
0.916667  2.536209
0.933333  2.614315
0.950000  2.692742
0.966667  2.771457
0.983333  2.850433
1.000000  2.929638
1.016667  3.009046
1.033333  3.088629
1.050000  3.168362
1.066667  3.248217
1.083333  3.328172
1.100000  3.408201
1.116667  3.488283
1.133333  3.568394
1.150000  3.648513
1.166667  3.728620
1.183333  3.808694
1.200000  3.888716
1.216667  3.968666
1.233333  4.048528
1.250000  4.128283
1.266667  4.207915
1.283333  4.287407
1.300000  4.366744
1.316667  4.445910
1.333333  4.524891
1.350000  4.603673
1.366667  4.682242
1.383333  4.760586
1.400000  4.838692
1.416667  4.916547
1.433333  4.994141
1.450000  5.071462
1.466667  5.148499
1.483333  5.225242
1.500000  5.301681
1.516667  5.377807
1.533333  5.453611
1.550000  5.529083
1.566667  5.604216
1.583333  5.679002
1.600000  5.753432
1.616667  5.827501
1.633333  5.901200
1.650000  5.974522
1.666667  6.047463
1.683333  6.120014
1.700000  6.192172
1.716667  6.263930
1.733333  6.335282
1.750000  6.406225
1.766667  6.476752
1.783333  6.546861
1.800000  6.616546
1.816667  6.685803
1.833333  6.754629
1.850000  6.823020
1.866667  6.890973
1.883333  6.958484
1.900000  7.025551
1.916667  7.092170
1.933333  7.158340
1.950000  7.224057
1.966667  7.289320
1.983333  7.354126
2.000000  7.418474
2.016667  7.482362
2.033333  7.545787
2.050000  7.608749
2.066667  7.671247
2.083333  7.733278
2.100000  7.794843
2.116667  7.855940
2.133333  7.916568
2.150000  7.976726
2.166667  8.036415
2.183333  8.095633
2.200000  8.154380
2.216667  8.212657
2.233333  8.270462
2.250000  8.327796
2.266667  8.384658
2.283333  8.441049
2.300000  8.496970
2.316667  8.552419
2.333333  8.607399
2.350000  8.661908
2.366667  8.715948
2.383333  8.769519
2.400000  8.822622
2.416667  8.875257
2.433333  8.927426
2.450000  8.979128
2.466667  9.030366
2.483333  9.081140
2.500000  9.131450
2.516667  9.181298
2.533333  9.230685
2.550000  9.279612
2.566667  9.328080
2.583333  9.376091
2.600000  9.423645
2.616667  9.470744
2.633333  9.517390
2.650000  9.563582
2.666667  9.609324
2.683333  9.654615
2.700000  9.699458
2.716667  9.743855
2.733333  9.787805
2.750000  9.831311
2.766667  9.874375
2.783333  9.916998
2.800000  9.959180
2.816667  10.000925
2.833333  10.042233
2.850000  10.083105
2.866667  10.123544
2.883333  10.163551
2.900000  10.203127
2.916667  10.242275
2.933333  10.280994
2.950000  10.319287
2.966667  10.357156
2.983333  10.394602
3.000000  10.431626
3.016667  10.468230
3.033333  10.504415
3.050000  10.540183
3.066667  10.575535
3.083333  10.610472
3.100000  10.644997
3.116667  10.679110
3.133333  10.712812
3.150000  10.746105
3.166667  10.778990
3.183333  10.811469
3.200000  10.843541
3.216667  10.875210
3.233333  10.906475
3.250000  10.937338
3.266667  10.967800
3.283333  10.997861
3.300000  11.027522
3.316667  11.056785
3.333333  11.085650
3.350000  11.114118
3.366667  11.142189
3.383333  11.169864
3.400000  11.197143
3.416667  11.224027
3.433333  11.250515
3.450000  11.276609
3.466667  11.302307
3.483333  11.327611
3.500000  11.352519
3.516667  11.377032
3.533333  11.401148
3.550000  11.424869
3.566667  11.448191
3.583333  11.471116
3.600000  11.493641
3.616667  11.515766
3.633333  11.537489
3.650000  11.558809
3.666667  11.579723
3.683333  11.600230
3.700000  11.620327
3.716667  11.640012
3.733333  11.659282
3.750000  11.678134
3.766667  11.696565
3.783333  11.714571
3.800000  11.732149
3.816667  11.749293
3.833333  11.766001
3.850000  11.782266
3.866667  11.798085
3.883333  11.813451
3.900000  11.828358
3.916667  11.842801
3.933333  11.856773
3.950000  11.870267
3.966667  11.883277
3.983333  11.895794
4.000000  11.907812
4.016667  11.919322
4.033333  11.930316
4.050000  11.940786
4.066667  11.950723
4.083333  11.960118
4.100000  11.968962
4.116667  11.977247
4.133333  11.984962
4.150000  11.992100
4.166667  11.998651
4.183333  12.004606
4.200000  12.009955
4.216667  12.014691
4.233333  12.018803
4.250000  12.022285
4.266667  12.025127
4.283333  12.027322
4.300000  12.028862
4.316667  12.029739
4.333333  12.029947
4.350000  12.029478
4.366667  12.028328
4.383333  12.026488
4.400000  12.023955
4.416667  12.020724
4.433333  12.016789
4.450000  12.012147
4.466667  12.006794
4.483333  12.000727
4.500000  11.993944
4.516667  11.986441
4.533333  11.978219
4.550000  11.969275
4.566667  11.959608
4.583333  11.949219
4.600000  11.938108
4.616667  11.926275
4.633333  11.913722
4.650000  11.900450
4.666667  11.886461
4.683333  11.871758
4.700000  11.856343
4.716667  11.840220
4.733333  11.823393
4.750000  11.805865
4.766667  11.787642
4.783333  11.768727
4.800000  11.749126
4.816667  11.728845
4.833333  11.707889
4.850000  11.686264
4.866667  11.663977
4.883333  11.641034
4.900000  11.617442
4.916667  11.593209
4.933333  11.568342
4.950000  11.542848
4.966667  11.516736
4.983333  11.490013
5.000000  11.462687
5.016667  11.434768
5.033333  11.406264
5.050000  11.377183
5.066667  11.347535
5.083333  11.317328
5.100000  11.286572
5.116667  11.255275
5.133333  11.223448
5.150000  11.191100
5.166667  11.158239
5.183333  11.124877
5.200000  11.091022
5.216667  11.056685
5.233333  11.021875
5.250000  10.986601
5.266667  10.950875
5.283333  10.914705
5.300000  10.878101
5.316667  10.841074
5.333333  10.803634
5.350000  10.765790
5.366667  10.727551
5.383333  10.688929
5.400000  10.649933
5.416667  10.610573
5.433333  10.570858
5.450000  10.530798
5.466667  10.490403
5.483333  10.449683
5.500000  10.408647
5.516667  10.367305
5.533333  10.325666
5.550000  10.283740
5.566667  10.241536
5.583333  10.199063
5.600000  10.156331
5.616667  10.113348
5.633333  10.070124
5.650000  10.026668
5.666667  9.982988
5.683333  9.939094
5.700000  9.894994
5.716667  9.850696
5.733333  9.806210
5.750000  9.761543
5.766667  9.716705
5.783333  9.671702
5.800000  9.626544
5.816667  9.581238
5.833333  9.535793
5.850000  9.490215
5.866667  9.444514
5.883333  9.398695
5.900000  9.352768
5.916667  9.306739
5.933333  9.260615
5.950000  9.214405
5.966667  9.168114
5.983333  9.121750
6.000000  9.075319
6.016667  9.028829
6.033333  8.982286
6.050000  8.935697
6.066667  8.889068
6.083333  8.842405
6.100000  8.795714
6.116667  8.749003
6.133333  8.702275
6.150000  8.655539
6.166667  8.608798
6.183333  8.562060
6.200000  8.515329
6.216667  8.468611
6.233333  8.421912
6.250000  8.375236
6.266667  8.328589
6.283333  8.281975
6.300000  8.235401
6.316667  8.188870
6.333333  8.142387
6.350000  8.095957
6.366667  8.049585
6.383333  8.003275
6.400000  7.957032
6.416667  7.910858
6.433333  7.864760
6.450000  7.818741
6.466667  7.772804
6.483333  7.726954
6.500000  7.681195
6.516667  7.635530
6.533333  7.589962
6.550000  7.544496
6.566667  7.499135
6.583333  7.453882
6.600000  7.408741
6.616667  7.363714
6.633333  7.318805
6.650000  7.274017
6.666667  7.229353
6.683333  7.184815
6.700000  7.140407
6.716667  7.096131
6.733333  7.051989
6.750000  7.007985
6.766667  6.964121
6.783333  6.920399
6.800000  6.876822
6.816667  6.833391
6.833333  6.790110
6.850000  6.746980
6.866667  6.704003
6.883333  6.661182
6.900000  6.618518
6.916667  6.576013
6.933333  6.533669
6.950000  6.491487
6.966667  6.449470
6.983333  6.407620
7.000000  6.365936
7.016667  6.324422
7.033333  6.283079
7.050000  6.241907
7.066667  6.200909
7.083333  6.160086
7.100000  6.119438
7.116667  6.078968
7.133333  6.038675
7.150000  5.998562
7.166667  5.958630
7.183333  5.918879
7.200000  5.879310
7.216667  5.839924
7.233333  5.800722
7.250000  5.761705
7.266667  5.722874
7.283333  5.684229
7.300000  5.645771
7.316667  5.607501
7.333333  5.569419
7.350000  5.531526
7.366667  5.493822
7.383333  5.456308
7.400000  5.418984
7.416667  5.381851
7.433333  5.344909
7.450000  5.308158
7.466667  5.271599
7.483333  5.235232
7.500000  5.199058
7.516667  5.163075
7.533333  5.127285
7.550000  5.091688
7.566667  5.056284
7.583333  5.021072
7.600000  4.986054
7.616667  4.951228
7.633333  4.916596
7.650000  4.882156
7.666667  4.847910
7.683333  4.813856
7.700000  4.779995
7.716667  4.746326
7.733333  4.712850
7.750000  4.679567
7.766667  4.646475
7.783333  4.613575
7.800000  4.580867
7.816667  4.548350
7.833333  4.516025
7.850000  4.483890
7.866667  4.451946
7.883333  4.420191
7.900000  4.388627
7.916667  4.357252
7.933333  4.326066
7.950000  4.295068
7.966667  4.264259
7.983333  4.233638
8.000000  4.203203
8.016667  4.172956
8.033333  4.142895
8.050000  4.113020
8.066667  4.083330
8.083333  4.053825
8.100000  4.024504
8.116667  3.995366
8.133333  3.966412
8.150000  3.937641
8.166667  3.909051
8.183333  3.880643
8.200000  3.852416
8.216667  3.824369
8.233333  3.796501
8.250000  3.768812
8.266667  3.741302
8.283333  3.713969
8.300000  3.686813
8.316667  3.659833
8.333333  3.633029
8.350000  3.606399
8.366667  3.579944
8.383333  3.553662
8.400000  3.527554
8.416667  3.501617
8.433333  3.475851
8.450000  3.450256
8.466667  3.424831
8.483333  3.399575
8.500000  3.374487
8.516667  3.349567
8.533333  3.324814
8.550000  3.300226
8.566667  3.275805
8.583333  3.251547
8.600000  3.227454
8.616667  3.203523
8.633333  3.179755
8.650000  3.156148
8.666667  3.132702
8.683333  3.109416
8.700000  3.086289
8.716667  3.063320
8.733333  3.040508
8.750000  3.017853
8.766667  2.995354
8.783333  2.973010
8.800000  2.950821
8.816667  2.928784
8.833333  2.906901
8.850000  2.885169
8.866667  2.863589
8.883333  2.842158
8.900000  2.820877
8.916667  2.799744
8.933333  2.778760
8.950000  2.757922
8.966667  2.737230
8.983333  2.716684
9.000000  2.696282
9.016667  2.676024
9.033333  2.655909
9.050000  2.635936
9.066667  2.616104
9.083333  2.596412
9.100000  2.576860
9.116667  2.557447
9.133333  2.538172
9.150000  2.519035
9.166667  2.500033
9.183333  2.481167
9.200000  2.462436
9.216667  2.443839
9.233333  2.425375
9.250000  2.407043
9.266667  2.388843
9.283333  2.370774
9.300000  2.352835
9.316667  2.335025
9.333333  2.317343
9.350000  2.299789
9.366667  2.282361
9.383333  2.265060
9.400000  2.247884
9.416667  2.230832
9.433333  2.213904
9.450000  2.197099
9.466667  2.180416
9.483333  2.163854
9.500000  2.147413
9.516667  2.131092
9.533333  2.114890
9.550000  2.098806
9.566667  2.082839
9.583333  2.066989
9.600000  2.051255
9.616667  2.035637
9.633333  2.020133
9.650000  2.004742
9.666667  1.989465
9.683333  1.974300
9.700000  1.959246
9.716667  1.944303
9.733333  1.929471
9.750000  1.914747
9.766667  1.900133
9.783333  1.885626
9.800000  1.871226
9.816667  1.856932
9.833333  1.842745
9.850000  1.828662
9.866667  1.814684
9.883333  1.800809
9.900000  1.787037
9.916667  1.773368
9.933333  1.759800
9.950000  1.746333
9.966667  1.732966
9.983333  1.719698
10.000000  1.706529
10.016667  1.693458
10.033333  1.680485
10.050000  1.667608
10.066667  1.654828
10.083333  1.642143
10.100000  1.629553
10.116667  1.617056
10.133333  1.604654
10.150000  1.592344
10.166667  1.580126
10.183333  1.568000
10.200000  1.555964
10.216667  1.544019
10.233333  1.532164
10.250000  1.520397
10.266667  1.508719
10.283333  1.497129
10.300000  1.485625
10.316667  1.474209
10.333333  1.462878
10.350000  1.451632
10.366667  1.440471
10.383333  1.429394
10.400000  1.418401
10.416667  1.407491
10.433333  1.396663
10.450000  1.385916
10.466667  1.375251
10.483333  1.364666
10.500000  1.354161
10.516667  1.343736
10.533333  1.333389
10.550000  1.323121
10.566667  1.312930
10.583333  1.302817
10.600000  1.292780
10.616667  1.282819
10.633333  1.272934
10.650000  1.263124
10.666667  1.253388
10.683333  1.243726
10.700000  1.234137
10.716667  1.224621
10.733333  1.215177
10.750000  1.205805
10.766667  1.196504
10.783333  1.187274
10.800000  1.178115
10.816667  1.169024
10.833333  1.160003
10.850000  1.151051
10.866667  1.142167
10.883333  1.133350
10.900000  1.124601
10.916667  1.115918
10.933333  1.107301
10.950000  1.098750
10.966667  1.090265
10.983333  1.081844
11.000000  1.073487
11.016667  1.065194
11.033333  1.056965
11.050000  1.048798
11.066667  1.040693
11.083333  1.032651
11.100000  1.024670
11.116667  1.016750
11.133333  1.008890
11.150000  1.001091
11.166667  0.993351
11.183333  0.985671
11.200000  0.978049
11.216667  0.970486
11.233333  0.962980
11.250000  0.955532
11.266667  0.948141
11.283333  0.940807
11.300000  0.933529
11.316667  0.926306
11.333333  0.919139
11.350000  0.912027
11.366667  0.904970
11.383333  0.897966
11.400000  0.891017
11.416667  0.884120
11.433333  0.877277
11.450000  0.870486
11.466667  0.863747
11.483333  0.857060
11.500000  0.850425
11.516667  0.843840
11.533333  0.837306
11.550000  0.830822
11.566667  0.824388
11.583333  0.818003
11.600000  0.811668
11.616667  0.805381
11.633333  0.799142
11.650000  0.792952
11.666667  0.786809
11.683333  0.780713
11.700000  0.774664
11.716667  0.768662
11.733333  0.762706
11.750000  0.756796
11.766667  0.750931
11.783333  0.745112
11.800000  0.739337
11.816667  0.733607
11.833333  0.727921
11.850000  0.722279
11.866667  0.716680
11.883333  0.711124
11.900000  0.705612
11.916667  0.700141
11.933333  0.694713
11.950000  0.689327
11.966667  0.683982
11.983333  0.678679
12.000000  0.673416

APAP_exp
0.000000  0.000000
0.300000  8.940000
0.500000  14.670000
0.750000  16.770000
1.000000  16.630000
1.500000  14.890000
2.000000  13.980000
3.000000  10.850000
4.000000  8.140000
5.000000  6.120000
6.000000  4.450000
7.000000  3.130000
8.000000  2.720000
12.000000  1.200000

APAPG_exp
0.000000  0.000000
0.300000  0.330000
0.500000  1.750000
0.750000  3.650000
1.000000  4.710000
1.500000  7.740000
2.000000  9.320000
3.000000  10.780000
4.000000  10.750000
5.000000  9.480000
6.000000  8.130000
7.000000  6.780000
8.000000  5.180000
12.000000  2.050000

APAP
0.000000  0.000000
0.016667  0.603143
0.033333  2.309282
0.050000  4.012234
0.066667  5.337196
0.083333  6.324835
0.100000  7.076078
0.116667  7.668517
0.133333  8.153664
0.150000  8.565171
0.166667  8.925159
0.183333  9.248255
0.200000  9.544165
0.216667  9.819356
0.233333  10.078158
0.250000  10.323489
0.266667  10.557335
0.283333  10.781068
0.300000  10.995652
0.316667  11.201783
0.333333  11.399974
0.350000  11.590623
0.366667  11.774044
0.383333  11.950499
0.400000  12.120213
0.416667  12.283384
0.433333  12.440194
0.450000  12.590810
0.466667  12.735391
0.483333  12.874086
0.500000  13.007041
0.516667  13.134395
0.533333  13.256283
0.550000  13.372836
0.566667  13.484181
0.583333  13.590443
0.600000  13.691743
0.616667  13.788200
0.633333  13.879929
0.650000  13.967042
0.666667  14.049649
0.683333  14.127858
0.700000  14.201774
0.716667  14.271499
0.733333  14.337134
0.750000  14.398775
0.766667  14.456519
0.783333  14.510459
0.800000  14.560686
0.816667  14.607288
0.833333  14.650354
0.850000  14.689967
0.866667  14.726211
0.883333  14.759167
0.900000  14.788914
0.916667  14.815529
0.933333  14.839088
0.950000  14.859665
0.966667  14.877331
0.983333  14.892158
1.000000  14.904214
1.016667  14.913566
1.033333  14.920281
1.050000  14.924421
1.066667  14.926050
1.083333  14.925230
1.100000  14.922019
1.116667  14.916477
1.133333  14.908660
1.150000  14.898624
1.166667  14.886424
1.183333  14.872113
1.200000  14.855743
1.216667  14.837365
1.233333  14.817029
1.250000  14.794782
1.266667  14.770673
1.283333  14.744748
1.300000  14.717051
1.316667  14.687628
1.333333  14.656521
1.350000  14.623772
1.366667  14.589423
1.383333  14.553514
1.400000  14.516085
1.416667  14.477173
1.433333  14.436816
1.450000  14.395051
1.466667  14.351914
1.483333  14.307440
1.500000  14.261663
1.516667  14.214617
1.533333  14.166334
1.550000  14.116846
1.566667  14.066184
1.583333  14.014379
1.600000  13.961461
1.616667  13.907458
1.633333  13.852400
1.650000  13.796313
1.666667  13.739226
1.683333  13.681164
1.700000  13.622153
1.716667  13.562220
1.733333  13.501388
1.750000  13.439682
1.766667  13.377126
1.783333  13.313742
1.800000  13.249553
1.816667  13.184582
1.833333  13.118850
1.850000  13.052377
1.866667  12.985186
1.883333  12.917295
1.900000  12.848724
1.916667  12.779493
1.933333  12.709621
1.950000  12.639126
1.966667  12.568025
1.983333  12.496338
2.000000  12.424080
2.016667  12.351268
2.033333  12.277920
2.050000  12.204051
2.066667  12.129676
2.083333  12.054812
2.100000  11.979474
2.116667  11.903675
2.133333  11.827431
2.150000  11.750755
2.166667  11.673662
2.183333  11.596164
2.200000  11.518276
2.216667  11.440009
2.233333  11.361377
2.250000  11.282392
2.266667  11.203066
2.283333  11.123412
2.300000  11.043439
2.316667  10.963161
2.333333  10.882588
2.350000  10.801731
2.366667  10.720601
2.383333  10.639209
2.400000  10.557564
2.416667  10.475677
2.433333  10.393557
2.450000  10.311215
2.466667  10.228660
2.483333  10.145901
2.500000  10.062947
2.516667  9.979808
2.533333  9.896493
2.550000  9.813009
2.566667  9.729367
2.583333  9.645573
2.600000  9.561637
2.616667  9.477566
2.633333  9.393369
2.650000  9.309054
2.666667  9.224628
2.683333  9.140099
2.700000  9.055475
2.716667  8.970763
2.733333  8.885970
2.750000  8.801105
2.766667  8.716174
2.783333  8.631185
2.800000  8.546144
2.816667  8.461059
2.833333  8.375937
2.850000  8.290784
2.866667  8.205608
2.883333  8.120416
2.900000  8.035215
2.916667  7.950010
2.933333  7.864810
2.950000  7.779621
2.966667  7.694451
2.983333  7.609305
3.000000  7.524191
3.016667  7.439116
3.033333  7.354086
3.050000  7.269110
3.066667  7.184194
3.083333  7.099345
3.100000  7.014570
3.116667  6.929878
3.133333  6.845275
3.150000  6.760769
3.166667  6.676368
3.183333  6.592079
3.200000  6.507912
3.216667  6.423874
3.233333  6.339973
3.250000  6.256219
3.266667  6.172621
3.283333  6.089187
3.300000  6.005927
3.316667  5.922852
3.333333  5.839970
3.350000  5.757294
3.366667  5.674833
3.383333  5.592599
3.400000  5.510603
3.416667  5.428859
3.433333  5.347378
3.450000  5.266175
3.466667  5.185262
3.483333  5.104655
3.500000  5.024368
3.516667  4.944418
3.533333  4.864820
3.550000  4.785593
3.566667  4.706753
3.583333  4.628321
3.600000  4.550315
3.616667  4.472756
3.633333  4.395665
3.650000  4.319065
3.666667  4.242979
3.683333  4.167430
3.700000  4.092445
3.716667  4.018047
3.733333  3.944264
3.750000  3.871123
3.766667  3.798651
3.783333  3.726876
3.800000  3.655827
3.816667  3.585531
3.833333  3.516019
3.850000  3.447316
3.866667  3.379452
3.883333  3.312452
3.900000  3.246342
3.916667  3.181147
3.933333  3.116888
3.950000  3.053587
3.966667  2.991263
3.983333  2.929931
4.000000  2.869605
4.016667  2.810296
4.033333  2.752013
4.050000  2.694762
4.066667  2.638545
4.083333  2.583364
4.100000  2.529216
4.116667  2.476098
4.133333  2.424003
4.150000  2.372923
4.166667  2.322848
4.183333  2.273769
4.200000  2.225671
4.216667  2.178542
4.233333  2.132368
4.250000  2.087134
4.266667  2.042825
4.283333  1.999425
4.300000  1.956918
4.316667  1.915289
4.333333  1.874520
4.350000  1.834596
4.366667  1.795502
4.383333  1.757220
4.400000  1.719736
4.416667  1.683033
4.433333  1.647097
4.450000  1.611911
4.466667  1.577462
4.483333  1.543734
4.500000  1.510713
4.516667  1.478384
4.533333  1.446734
4.550000  1.415749
4.566667  1.385415
4.583333  1.355720
4.600000  1.326649
4.616667  1.298191
4.633333  1.270333
4.650000  1.243063
4.666667  1.216369
4.683333  1.190238
4.700000  1.164660
4.716667  1.139623
4.733333  1.115116
4.750000  1.091129
4.766667  1.067649
4.783333  1.044667
4.800000  1.022173
4.816667  1.000157
4.833333  0.978609
4.850000  0.957518
4.866667  0.936876
4.883333  0.916673
4.900000  0.896901
4.916667  0.877550
4.933333  0.858611
4.950000  0.840076
4.966667  0.821937
4.983333  0.804185
5.000000  0.786812
5.016667  0.769810
5.033333  0.753172
5.050000  0.736890
5.066667  0.720956
5.083333  0.705363
5.100000  0.690105
5.116667  0.675173
5.133333  0.660561
5.150000  0.646263
5.166667  0.632271
5.183333  0.618580
5.200000  0.605183
5.216667  0.592073
5.233333  0.579246
5.250000  0.566694
5.266667  0.554411
5.283333  0.542394
5.300000  0.530634
5.316667  0.519128
5.333333  0.507869
5.350000  0.496853
5.366667  0.486075
5.383333  0.475528
5.400000  0.465209
5.416667  0.455113
5.433333  0.445234
5.450000  0.435569
5.466667  0.426112
5.483333  0.416859
5.500000  0.407806
5.516667  0.398948
5.533333  0.390282
5.550000  0.381803
5.566667  0.373508
5.583333  0.365392
5.600000  0.357451
5.616667  0.349682
5.633333  0.342081
5.650000  0.334645
5.666667  0.327369
5.683333  0.320251
5.700000  0.313287
5.716667  0.306474
5.733333  0.299809
5.750000  0.293287
5.766667  0.286908
5.783333  0.280666
5.800000  0.274560
5.816667  0.268586
5.833333  0.262741
5.850000  0.257024
5.866667  0.251430
5.883333  0.245958
5.900000  0.240604
5.916667  0.235367
5.933333  0.230243
5.950000  0.225230
5.966667  0.220326
5.983333  0.215529
6.000000  0.210836
6.016667  0.206245
6.033333  0.201753
6.050000  0.197359
6.066667  0.193061
6.083333  0.188855
6.100000  0.184742
6.116667  0.180717
6.133333  0.176780
6.150000  0.172929
6.166667  0.169161
6.183333  0.165476
6.200000  0.161870
6.216667  0.158343
6.233333  0.154892
6.250000  0.151517
6.266667  0.148215
6.283333  0.144985
6.300000  0.141825
6.316667  0.138734
6.333333  0.135710
6.350000  0.132751
6.366667  0.129858
6.383333  0.127027
6.400000  0.124258
6.416667  0.121549
6.433333  0.118899
6.450000  0.116306
6.466667  0.113771
6.483333  0.111290
6.500000  0.108863
6.516667  0.106489
6.533333  0.104167
6.550000  0.101896
6.566667  0.099674
6.583333  0.097500
6.600000  0.095374
6.616667  0.093294
6.633333  0.091259
6.650000  0.089269
6.666667  0.087322
6.683333  0.085417
6.700000  0.083554
6.716667  0.081731
6.733333  0.079949
6.750000  0.078205
6.766667  0.076499
6.783333  0.074830
6.800000  0.073197
6.816667  0.071601
6.833333  0.070039
6.850000  0.068511
6.866667  0.067016
6.883333  0.065554
6.900000  0.064124
6.916667  0.062725
6.933333  0.061356
6.950000  0.060017
6.966667  0.058708
6.983333  0.057427
7.000000  0.056174
7.016667  0.054948
7.033333  0.053749
7.050000  0.052576
7.066667  0.051429
7.083333  0.050307
7.100000  0.049209
7.116667  0.048135
7.133333  0.047085
7.150000  0.046057
7.166667  0.045052
7.183333  0.044069
7.200000  0.043107
7.216667  0.042166
7.233333  0.041246
7.250000  0.040346
7.266667  0.039465
7.283333  0.038604
7.300000  0.037761
7.316667  0.036937
7.333333  0.036131
7.350000  0.035342
7.366667  0.034571
7.383333  0.033816
7.400000  0.033078
7.416667  0.032356
7.433333  0.031650
7.450000  0.030959
7.466667  0.030283
7.483333  0.029622
7.500000  0.028976
7.516667  0.028343
7.533333  0.027725
7.550000  0.027119
7.566667  0.026527
7.583333  0.025948
7.600000  0.025382
7.616667  0.024828
7.633333  0.024286
7.650000  0.023756
7.666667  0.023237
7.683333  0.022730
7.700000  0.022234
7.716667  0.021748
7.733333  0.021274
7.750000  0.020809
7.766667  0.020355
7.783333  0.019911
7.800000  0.019476
7.816667  0.019051
7.833333  0.018635
7.850000  0.018228
7.866667  0.017830
7.883333  0.017441
7.900000  0.017060
7.916667  0.016688
7.933333  0.016323
7.950000  0.015967
7.966667  0.015618
7.983333  0.015277
8.000000  0.014944
8.016667  0.014617
8.033333  0.014298
8.050000  0.013986
8.066667  0.013681
8.083333  0.013382
8.100000  0.013090
8.116667  0.012804
8.133333  0.012525
8.150000  0.012251
8.166667  0.011984
8.183333  0.011722
8.200000  0.011466
8.216667  0.011216
8.233333  0.010971
8.250000  0.010731
8.266667  0.010497
8.283333  0.010268
8.300000  0.010044
8.316667  0.009824
8.333333  0.009610
8.350000  0.009400
8.366667  0.009195
8.383333  0.008994
8.400000  0.008798
8.416667  0.008605
8.433333  0.008418
8.450000  0.008234
8.466667  0.008054
8.483333  0.007878
8.500000  0.007706
8.516667  0.007538
8.533333  0.007373
8.550000  0.007212
8.566667  0.007055
8.583333  0.006901
8.600000  0.006750
8.616667  0.006603
8.633333  0.006459
8.650000  0.006317
8.666667  0.006180
8.683333  0.006045
8.700000  0.005913
8.716667  0.005784
8.733333  0.005657
8.750000  0.005534
8.766667  0.005413
8.783333  0.005295
8.800000  0.005179
8.816667  0.005066
8.833333  0.004955
8.850000  0.004847
8.866667  0.004741
8.883333  0.004638
8.900000  0.004536
8.916667  0.004437
8.933333  0.004341
8.950000  0.004246
8.966667  0.004153
8.983333  0.004062
9.000000  0.003974
9.016667  0.003887
9.033333  0.003802
9.050000  0.003719
9.066667  0.003638
9.083333  0.003558
9.100000  0.003481
9.116667  0.003405
9.133333  0.003330
9.150000  0.003258
9.166667  0.003186
9.183333  0.003117
9.200000  0.003049
9.216667  0.002982
9.233333  0.002917
9.250000  0.002853
9.266667  0.002791
9.283333  0.002730
9.300000  0.002670
9.316667  0.002612
9.333333  0.002555
9.350000  0.002499
9.366667  0.002445
9.383333  0.002391
9.400000  0.002339
9.416667  0.002288
9.433333  0.002238
9.450000  0.002189
9.466667  0.002141
9.483333  0.002095
9.500000  0.002049
9.516667  0.002004
9.533333  0.001960
9.550000  0.001918
9.566667  0.001876
9.583333  0.001835
9.600000  0.001795
9.616667  0.001755
9.633333  0.001717
9.650000  0.001680
9.666667  0.001643
9.683333  0.001607
9.700000  0.001572
9.716667  0.001538
9.733333  0.001504
9.750000  0.001471
9.766667  0.001439
9.783333  0.001408
9.800000  0.001377
9.816667  0.001347
9.833333  0.001317
9.850000  0.001289
9.866667  0.001261
9.883333  0.001233
9.900000  0.001206
9.916667  0.001180
9.933333  0.001154
9.950000  0.001129
9.966667  0.001104
9.983333  0.001080
10.000000  0.001056
10.016667  0.001033
10.033333  0.001011
10.050000  0.000989
10.066667  0.000967
10.083333  0.000946
10.100000  0.000925
10.116667  0.000905
10.133333  0.000885
10.150000  0.000866
10.166667  0.000847
10.183333  0.000829
10.200000  0.000811
10.216667  0.000793
10.233333  0.000776
10.250000  0.000759
10.266667  0.000742
10.283333  0.000726
10.300000  0.000710
10.316667  0.000694
10.333333  0.000679
10.350000  0.000664
10.366667  0.000650
10.383333  0.000636
10.400000  0.000622
10.416667  0.000608
10.433333  0.000595
10.450000  0.000582
10.466667  0.000569
10.483333  0.000557
10.500000  0.000545
10.516667  0.000533
10.533333  0.000521
10.550000  0.000510
10.566667  0.000499
10.583333  0.000488
10.600000  0.000477
10.616667  0.000467
10.633333  0.000456
10.650000  0.000447
10.666667  0.000437
10.683333  0.000427
10.700000  0.000418
10.716667  0.000409
10.733333  0.000400
10.750000  0.000391
10.766667  0.000383
10.783333  0.000374
10.800000  0.000366
10.816667  0.000358
10.833333  0.000350
10.850000  0.000343
10.866667  0.000335
10.883333  0.000328
10.900000  0.000321
10.916667  0.000314
10.933333  0.000307
10.950000  0.000300
10.966667  0.000294
10.983333  0.000287
11.000000  0.000281
11.016667  0.000275
11.033333  0.000269
11.050000  0.000263
11.066667  0.000257
11.083333  0.000251
11.100000  0.000246
11.116667  0.000241
11.133333  0.000235
11.150000  0.000230
11.166667  0.000225
11.183333  0.000220
11.200000  0.000215
11.216667  0.000211
11.233333  0.000206
11.250000  0.000202
11.266667  0.000197
11.283333  0.000193
11.300000  0.000189
11.316667  0.000185
11.333333  0.000181
11.350000  0.000177
11.366667  0.000173
11.383333  0.000169
11.400000  0.000165
11.416667  0.000162
11.433333  0.000158
11.450000  0.000155
11.466667  0.000151
11.483333  0.000148
11.500000  0.000145
11.516667  0.000142
11.533333  0.000139
11.550000  0.000136
11.566667  0.000133
11.583333  0.000130
11.600000  0.000127
11.616667  0.000124
11.633333  0.000121
11.650000  0.000119
11.666667  0.000116
11.683333  0.000114
11.700000  0.000111
11.716667  0.000109
11.733333  0.000106
11.750000  0.000104
11.766667  0.000102
11.783333  0.000099
11.800000  0.000097
11.816667  0.000095
11.833333  0.000093
11.850000  0.000091
11.866667  0.000089
11.883333  0.000087
11.900000  0.000085
11.916667  0.000083
11.933333  0.000082
11.950000  0.000080
11.966667  0.000078
11.983333  0.000076
12.000000  0.000075

APAPS
0.000000  0.000000
0.016667  0.000044
0.033333  0.000704
0.050000  0.003047
0.066667  0.008069
0.083333  0.016556
0.100000  0.029085
0.116667  0.046045
0.133333  0.067673
0.150000  0.094077
0.166667  0.125261
0.183333  0.161146
0.200000  0.201590
0.216667  0.246404
0.233333  0.295360
0.250000  0.348209
0.266667  0.404684
0.283333  0.464508
0.300000  0.527405
0.316667  0.593095
0.333333  0.661307
0.350000  0.731776
0.366667  0.804247
0.383333  0.878476
0.400000  0.954230
0.416667  1.031290
0.433333  1.109450
0.450000  1.188516
0.466667  1.268309
0.483333  1.348659
0.500000  1.429413
0.516667  1.510427
0.533333  1.591568
0.550000  1.672717
0.566667  1.753762
0.583333  1.834602
0.600000  1.915146
0.616667  1.995310
0.633333  2.075020
0.650000  2.154208
0.666667  2.232812
0.683333  2.310779
0.700000  2.388060
0.716667  2.464612
0.733333  2.540398
0.750000  2.615385
0.766667  2.689543
0.783333  2.762848
0.800000  2.835279
0.816667  2.906817
0.833333  2.977447
0.850000  3.047157
0.866667  3.115937
0.883333  3.183780
0.900000  3.250680
0.916667  3.316633
0.933333  3.381637
0.950000  3.445692
0.966667  3.508799
0.983333  3.570958
1.000000  3.632175
1.016667  3.692452
1.033333  3.751794
1.050000  3.810208
1.066667  3.867699
1.083333  3.924275
1.100000  3.979943
1.116667  4.034711
1.133333  4.088588
1.150000  4.141582
1.166667  4.193702
1.183333  4.244958
1.200000  4.295359
1.216667  4.344915
1.233333  4.393635
1.250000  4.441530
1.266667  4.488610
1.283333  4.534884
1.300000  4.580364
1.316667  4.625058
1.333333  4.668978
1.350000  4.712133
1.366667  4.754534
1.383333  4.796191
1.400000  4.837114
1.416667  4.877312
1.433333  4.916797
1.450000  4.955577
1.466667  4.993663
1.483333  5.031064
1.500000  5.067790
1.516667  5.103850
1.533333  5.139254
1.550000  5.174012
1.566667  5.208133
1.583333  5.241625
1.600000  5.274497
1.616667  5.306760
1.633333  5.338421
1.650000  5.369489
1.666667  5.399973
1.683333  5.429882
1.700000  5.459223
1.716667  5.488005
1.733333  5.516236
1.750000  5.543924
1.766667  5.571078
1.783333  5.597704
1.800000  5.623811
1.816667  5.649406
1.833333  5.674497
1.850000  5.699091
1.866667  5.723195
1.883333  5.746817
1.900000  5.769963
1.916667  5.792641
1.933333  5.814857
1.950000  5.836619
1.966667  5.857932
1.983333  5.878803
2.000000  5.899240
2.016667  5.919247
2.033333  5.938832
2.050000  5.958000
2.066667  5.976758
2.083333  5.995112
2.100000  6.013067
2.116667  6.030629
2.133333  6.047804
2.150000  6.064598
2.166667  6.081016
2.183333  6.097063
2.200000  6.112745
2.216667  6.128067
2.233333  6.143035
2.250000  6.157652
2.266667  6.171925
2.283333  6.185859
2.300000  6.199457
2.316667  6.212725
2.333333  6.225668
2.350000  6.238290
2.366667  6.250595
2.383333  6.262589
2.400000  6.274275
2.416667  6.285658
2.433333  6.296741
2.450000  6.307530
2.466667  6.318029
2.483333  6.328240
2.500000  6.338169
2.516667  6.347818
2.533333  6.357193
2.550000  6.366296
2.566667  6.375131
2.583333  6.383702
2.600000  6.392012
2.616667  6.400065
2.633333  6.407864
2.650000  6.415412
2.666667  6.422713
2.683333  6.429770
2.700000  6.436586
2.716667  6.443164
2.733333  6.449507
2.750000  6.455617
2.766667  6.461499
2.783333  6.467153
2.800000  6.472585
2.816667  6.477795
2.833333  6.482786
2.850000  6.487561
2.866667  6.492123
2.883333  6.496474
2.900000  6.500615
2.916667  6.504550
2.933333  6.508281
2.950000  6.511809
2.966667  6.515137
2.983333  6.518267
3.000000  6.521200
3.016667  6.523938
3.033333  6.526483
3.050000  6.528838
3.066667  6.531002
3.083333  6.532979
3.100000  6.534769
3.116667  6.536374
3.133333  6.537794
3.150000  6.539032
3.166667  6.540088
3.183333  6.540964
3.200000  6.541660
3.216667  6.542177
3.233333  6.542515
3.250000  6.542677
3.266667  6.542661
3.283333  6.542469
3.300000  6.542100
3.316667  6.541556
3.333333  6.540836
3.350000  6.539939
3.366667  6.538867
3.383333  6.537618
3.400000  6.536192
3.416667  6.534589
3.433333  6.532808
3.450000  6.530847
3.466667  6.528707
3.483333  6.526384
3.500000  6.523879
3.516667  6.521190
3.533333  6.518314
3.550000  6.515249
3.566667  6.511994
3.583333  6.508546
3.600000  6.504902
3.616667  6.501058
3.633333  6.497012
3.650000  6.492760
3.666667  6.488299
3.683333  6.483623
3.700000  6.478728
3.716667  6.473610
3.733333  6.468263
3.750000  6.462682
3.766667  6.456859
3.783333  6.450790
3.800000  6.444467
3.816667  6.437883
3.833333  6.431031
3.850000  6.423901
3.866667  6.416486
3.883333  6.408776
3.900000  6.400763
3.916667  6.392436
3.933333  6.383785
3.950000  6.374800
3.966667  6.365469
3.983333  6.355782
4.000000  6.345727
4.016667  6.335293
4.033333  6.324467
4.050000  6.313237
4.066667  6.301593
4.083333  6.289521
4.100000  6.277009
4.116667  6.264047
4.133333  6.250623
4.150000  6.236726
4.166667  6.222345
4.183333  6.207469
4.200000  6.192090
4.216667  6.176198
4.233333  6.159786
4.250000  6.142844
4.266667  6.125367
4.283333  6.107348
4.300000  6.088782
4.316667  6.069666
4.333333  6.049995
4.350000  6.029766
4.366667  6.008980
4.383333  5.987634
4.400000  5.965729
4.416667  5.943266
4.433333  5.920248
4.450000  5.896677
4.466667  5.872558
4.483333  5.847894
4.500000  5.822692
4.516667  5.796957
4.533333  5.770697
4.550000  5.743919
4.566667  5.716632
4.583333  5.688845
4.600000  5.660567
4.616667  5.631808
4.633333  5.602579
4.650000  5.572892
4.666667  5.542757
4.683333  5.512186
4.700000  5.481193
4.716667  5.449789
4.733333  5.417987
4.750000  5.385800
4.766667  5.353242
4.783333  5.320326
4.800000  5.287066
4.816667  5.253475
4.833333  5.219568
4.850000  5.185358
4.866667  5.150858
4.883333  5.116083
4.900000  5.081047
4.916667  5.045764
4.933333  5.010247
4.950000  4.974510
4.966667  4.938566
4.983333  4.902430
5.000000  4.866114
5.016667  4.829631
5.033333  4.792995
5.050000  4.756219
5.066667  4.719314
5.083333  4.682295
5.100000  4.645172
5.116667  4.607958
5.133333  4.570665
5.150000  4.533305
5.166667  4.495889
5.183333  4.458427
5.200000  4.420932
5.216667  4.383414
5.233333  4.345883
5.250000  4.308350
5.266667  4.270824
5.283333  4.233315
5.300000  4.195833
5.316667  4.158388
5.333333  4.120987
5.350000  4.083640
5.366667  4.046356
5.383333  4.009142
5.400000  3.972007
5.416667  3.934958
5.433333  3.898003
5.450000  3.861150
5.466667  3.824405
5.483333  3.787775
5.500000  3.751267
5.516667  3.714888
5.533333  3.678643
5.550000  3.642538
5.566667  3.606580
5.583333  3.570773
5.600000  3.535123
5.616667  3.499636
5.633333  3.464316
5.650000  3.429167
5.666667  3.394195
5.683333  3.359403
5.700000  3.324797
5.716667  3.290379
5.733333  3.256154
5.750000  3.222125
5.766667  3.188296
5.783333  3.154669
5.800000  3.121249
5.816667  3.088038
5.833333  3.055039
5.850000  3.022254
5.866667  2.989687
5.883333  2.957338
5.900000  2.925212
5.916667  2.893309
5.933333  2.861631
5.950000  2.830181
5.966667  2.798961
5.983333  2.767971
6.000000  2.737213
6.016667  2.706688
6.033333  2.676399
6.050000  2.646345
6.066667  2.616528
6.083333  2.586949
6.100000  2.557608
6.116667  2.528506
6.133333  2.499645
6.150000  2.471023
6.166667  2.442643
6.183333  2.414503
6.200000  2.386605
6.216667  2.358948
6.233333  2.331533
6.250000  2.304360
6.266667  2.277428
6.283333  2.250737
6.300000  2.224288
6.316667  2.198079
6.333333  2.172111
6.350000  2.146384
6.366667  2.120896
6.383333  2.095647
6.400000  2.070637
6.416667  2.045865
6.433333  2.021331
6.450000  1.997033
6.466667  1.972971
6.483333  1.949144
6.500000  1.925552
6.516667  1.902192
6.533333  1.879065
6.550000  1.856170
6.566667  1.833505
6.583333  1.811069
6.600000  1.788861
6.616667  1.766881
6.633333  1.745127
6.650000  1.723597
6.666667  1.702291
6.683333  1.681207
6.700000  1.660344
6.716667  1.639701
6.733333  1.619277
6.750000  1.599069
6.766667  1.579078
6.783333  1.559301
6.800000  1.539737
6.816667  1.520384
6.833333  1.501242
6.850000  1.482308
6.866667  1.463582
6.883333  1.445061
6.900000  1.426745
6.916667  1.408632
6.933333  1.390720
6.950000  1.373007
6.966667  1.355494
6.983333  1.338176
7.000000  1.321054
7.016667  1.304126
7.033333  1.287390
7.050000  1.270844
7.066667  1.254488
7.083333  1.238318
7.100000  1.222335
7.116667  1.206536
7.133333  1.190920
7.150000  1.175484
7.166667  1.160229
7.183333  1.145151
7.200000  1.130250
7.216667  1.115523
7.233333  1.100970
7.250000  1.086588
7.266667  1.072376
7.283333  1.058333
7.300000  1.044457
7.316667  1.030746
7.333333  1.017200
7.350000  1.003815
7.366667  0.990591
7.383333  0.977526
7.400000  0.964619
7.416667  0.951867
7.433333  0.939271
7.450000  0.926827
7.466667  0.914535
7.483333  0.902392
7.500000  0.890399
7.516667  0.878552
7.533333  0.866850
7.550000  0.855293
7.566667  0.843878
7.583333  0.832604
7.600000  0.821469
7.616667  0.810473
7.633333  0.799613
7.650000  0.788888
7.666667  0.778297
7.683333  0.767838
7.700000  0.757511
7.716667  0.747313
7.733333  0.737242
7.750000  0.727299
7.766667  0.717481
7.783333  0.707787
7.800000  0.698215
7.816667  0.688765
7.833333  0.679435
7.850000  0.670223
7.866667  0.661129
7.883333  0.652150
7.900000  0.643286
7.916667  0.634536
7.933333  0.625898
7.950000  0.617370
7.966667  0.608952
7.983333  0.600642
8.000000  0.592440
8.016667  0.584343
8.033333  0.576351
8.050000  0.568462
8.066667  0.560675
8.083333  0.552990
8.100000  0.545404
8.116667  0.537917
8.133333  0.530528
8.150000  0.523235
8.166667  0.516037
8.183333  0.508933
8.200000  0.501922
8.216667  0.495003
8.233333  0.488175
8.250000  0.481437
8.266667  0.474787
8.283333  0.468225
8.300000  0.461750
8.316667  0.455360
8.333333  0.449054
8.350000  0.442832
8.366667  0.436692
8.383333  0.430634
8.400000  0.424656
8.416667  0.418757
8.433333  0.412937
8.450000  0.407195
8.466667  0.401529
8.483333  0.395938
8.500000  0.390423
8.516667  0.384981
8.533333  0.379612
8.550000  0.374315
8.566667  0.369088
8.583333  0.363932
8.600000  0.358846
8.616667  0.353827
8.633333  0.348877
8.650000  0.343993
8.666667  0.339175
8.683333  0.334421
8.700000  0.329733
8.716667  0.325107
8.733333  0.320544
8.750000  0.316043
8.766667  0.311603
8.783333  0.307223
8.800000  0.302903
8.816667  0.298641
8.833333  0.294437
8.850000  0.290291
8.866667  0.286201
8.883333  0.282167
8.900000  0.278188
8.916667  0.274263
8.933333  0.270391
8.950000  0.266573
8.966667  0.262807
8.983333  0.259093
9.000000  0.255429
9.016667  0.251816
9.033333  0.248252
9.050000  0.244738
9.066667  0.241271
9.083333  0.237853
9.100000  0.234481
9.116667  0.231156
9.133333  0.227876
9.150000  0.224642
9.166667  0.221453
9.183333  0.218307
9.200000  0.215205
9.216667  0.212146
9.233333  0.209130
9.250000  0.206155
9.266667  0.203221
9.283333  0.200328
9.300000  0.197475
9.316667  0.194662
9.333333  0.191887
9.350000  0.189152
9.366667  0.186454
9.383333  0.183794
9.400000  0.181171
9.416667  0.178584
9.433333  0.176034
9.450000  0.173519
9.466667  0.171039
9.483333  0.168594
9.500000  0.166183
9.516667  0.163805
9.533333  0.161461
9.550000  0.159150
9.566667  0.156871
9.583333  0.154624
9.600000  0.152408
9.616667  0.150224
9.633333  0.148070
9.650000  0.145946
9.666667  0.143852
9.683333  0.141788
9.700000  0.139753
9.716667  0.137746
9.733333  0.135767
9.750000  0.133817
9.766667  0.131894
9.783333  0.129997
9.800000  0.128128
9.816667  0.126285
9.833333  0.124468
9.850000  0.122677
9.866667  0.120911
9.883333  0.119170
9.900000  0.117453
9.916667  0.115761
9.933333  0.114092
9.950000  0.112448
9.966667  0.110826
9.983333  0.109228
10.000000  0.107652
10.016667  0.106099
10.033333  0.104567
10.050000  0.103058
10.066667  0.101569
10.083333  0.100102
10.100000  0.098656
10.116667  0.097230
10.133333  0.095825
10.150000  0.094439
10.166667  0.093073
10.183333  0.091727
10.200000  0.090400
10.216667  0.089091
10.233333  0.087802
10.250000  0.086530
10.266667  0.085277
10.283333  0.084042
10.300000  0.082824
10.316667  0.081624
10.333333  0.080441
10.350000  0.079275
10.366667  0.078125
10.383333  0.076992
10.400000  0.075875
10.416667  0.074774
10.433333  0.073689
10.450000  0.072619
10.466667  0.071565
10.483333  0.070525
10.500000  0.069501
10.516667  0.068491
10.533333  0.067496
10.550000  0.066515
10.566667  0.065548
10.583333  0.064595
10.600000  0.063656
10.616667  0.062730
10.633333  0.061817
10.650000  0.060918
10.666667  0.060031
10.683333  0.059157
10.700000  0.058296
10.716667  0.057447
10.733333  0.056611
10.750000  0.055786
10.766667  0.054973
10.783333  0.054172
10.800000  0.053383
10.816667  0.052605
10.833333  0.051838
10.850000  0.051082
10.866667  0.050337
10.883333  0.049602
10.900000  0.048879
10.916667  0.048166
10.933333  0.047463
10.950000  0.046770
10.966667  0.046087
10.983333  0.045414
11.000000  0.044751
11.016667  0.044097
11.033333  0.043453
11.050000  0.042818
11.066667  0.042193
11.083333  0.041576
11.100000  0.040968
11.116667  0.040369
11.133333  0.039779
11.150000  0.039198
11.166667  0.038624
11.183333  0.038059
11.200000  0.037502
11.216667  0.036954
11.233333  0.036413
11.250000  0.035880
11.266667  0.035355
11.283333  0.034837
11.300000  0.034327
11.316667  0.033824
11.333333  0.033329
11.350000  0.032841
11.366667  0.032360
11.383333  0.031886
11.400000  0.031418
11.416667  0.030958
11.433333  0.030504
11.450000  0.030057
11.466667  0.029616
11.483333  0.029182
11.500000  0.028754
11.516667  0.028332
11.533333  0.027917
11.550000  0.027507
11.566667  0.027104
11.583333  0.026706
11.600000  0.026314
11.616667  0.025928
11.633333  0.025547
11.650000  0.025172
11.666667  0.024803
11.683333  0.024438
11.700000  0.024079
11.716667  0.023726
11.733333  0.023377
11.750000  0.023034
11.766667  0.022695
11.783333  0.022362
11.800000  0.022033
11.816667  0.021709
11.833333  0.021390
11.850000  0.021076
11.866667  0.020766
11.883333  0.020461
11.900000  0.020160
11.916667  0.019863
11.933333  0.019571
11.950000  0.019283
11.966667  0.019000
11.983333  0.018720
12.000000  0.018445

