APAPS_exp
0.000000  0.000000
0.300000  0.760000
0.500000  1.970000
0.750000  2.960000
1.000000  3.410000
1.500000  4.060000
2.000000  4.240000
3.000000  4.240000
4.000000  3.710000
5.000000  3.200000
6.000000  2.680000
7.000000  2.150000
8.000000  1.660000
12.000000  0.720000

APAPG
0.000000  0.000000
0.083333  0.007090
0.166667  0.055126
0.250000  0.160731
0.333333  0.324150
0.416667  0.539988
0.500000  0.801036
0.583333  1.099787
0.666667  1.429094
0.750000  1.782445
0.833333  2.154058
0.916667  2.538879
1.000000  2.932537
1.083333  3.331288
1.166667  3.731941
1.250000  4.131796
1.333333  4.528583
1.416667  4.920409
1.500000  5.305701
1.583333  5.683170
1.666667  6.051772
1.750000  6.410673
1.833333  6.759214
1.916667  7.096890
2.000000  7.423328
2.083333  7.738265
2.166667  8.041531
2.250000  8.333040
2.333333  8.612769
2.416667  8.880751
2.500000  9.137065
2.583333  9.381825
2.666667  9.615174
2.750000  9.837276
2.833333  10.048310
2.916667  10.248463
3.000000  10.437926
3.083333  10.616883
3.166667  10.785513
3.250000  10.943976
3.333333  11.092407
3.416667  11.230907
3.500000  11.359531
3.583333  11.478272
3.666667  11.587039
3.750000  11.685630
3.833333  11.773705
3.916667  11.850747
4.000000  11.916038
4.083333  11.968664
4.166667  12.007552
4.250000  12.031564
4.333333  12.039607
4.416667  12.030748
4.500000  12.004292
4.583333  11.959832
4.666667  11.897264
4.750000  11.816773
4.833333  11.718808
4.916667  11.604045
5.000000  11.473346
5.083333  11.327721
5.166667  11.168284
5.250000  10.996224
5.333333  10.812770
5.416667  10.619168
5.500000  10.416657
5.583333  10.206454
5.666667  9.989735
5.750000  9.767630
5.833333  9.541212
5.916667  9.311490
6.000000  9.079408
6.083333  8.845843
6.166667  8.611603
6.250000  8.377427
6.333333  8.143988
6.416667  7.911896
6.500000  7.681698
6.583333  7.453882
6.666667  7.228879
6.750000  7.007066
6.833333  6.788774
6.916667  6.574289
7.000000  6.363856
7.083333  6.157680
7.166667  5.955930
7.250000  5.758741
7.333333  5.566221
7.416667  5.378449
7.500000  5.195478
7.583333  5.017342
7.666667  4.844053
7.750000  4.675607
7.833333  4.511984
7.916667  4.353150
8.000000  4.199058
8.083333  4.049653
8.166667  3.904869
8.250000  3.764633
8.333333  3.628865
8.416667  3.497479
8.500000  3.370386
8.583333  3.247492
8.666667  3.128699
8.750000  3.013910
8.833333  2.903023
8.916667  2.795937
9.000000  2.692550
9.083333  2.592758
9.166667  2.496460
9.250000  2.403554
9.333333  2.313938
9.416667  2.227514
9.500000  2.144182
9.583333  2.063846
9.666667  1.986409
9.750000  1.911779
9.833333  1.839864
9.916667  1.770573
10.000000  1.703820
10.083333  1.639518
10.166667  1.577584
10.250000  1.517937
10.333333  1.460498
10.416667  1.405189
10.500000  1.351937
10.583333  1.300668
10.666667  1.251312
10.750000  1.203801
10.833333  1.158068
10.916667  1.114051
11.000000  1.071686
11.083333  1.030914
11.166667  0.991677
11.250000  0.953918
11.333333  0.917584
11.416667  0.882622
11.500000  0.848981
11.583333  0.816612
11.666667  0.785470
11.750000  0.755507
11.833333  0.726680
11.916667  0.698946
12.000000  0.672266

APAP_exp
0.000000  0.000000
0.300000  8.940000
0.500000  14.670000
0.750000  16.770000
1.000000  16.630000
1.500000  14.890000
2.000000  13.980000
3.000000  10.850000
4.000000  8.140000
5.000000  6.120000
6.000000  4.450000
7.000000  3.130000
8.000000  2.720000
12.000000  1.200000

APAPG_exp
0.000000  0.000000
0.300000  0.330000
0.500000  1.750000
0.750000  3.650000
1.000000  4.710000
1.500000  7.740000
2.000000  9.320000
3.000000  10.780000
4.000000  10.750000
5.000000  9.480000
6.000000  8.130000
7.000000  6.780000
8.000000  5.180000
12.000000  2.050000

APAP
0.000000  0.000012
0.083333  6.334911
0.166667  8.928640
0.250000  10.325682
0.333333  11.401442
0.416667  12.284237
0.500000  13.007344
0.583333  13.590251
0.666667  14.049014
0.750000  14.397742
0.833333  14.648963
0.916667  14.813781
1.000000  14.902158
1.083333  14.922896
1.166667  14.883837
1.250000  14.791962
1.333333  14.653485
1.416667  14.473937
1.500000  14.258241
1.583333  14.009948
1.666667  13.735002
1.750000  13.435294
1.833333  13.114264
1.916667  12.774708
2.000000  12.419097
2.083333  12.049635
2.166667  11.668290
2.250000  11.276827
2.333333  10.876829
2.416667  10.469723
2.500000  10.056797
2.583333  9.639223
2.666667  9.218074
2.750000  8.794341
2.833333  8.368955
2.916667  7.942801
3.000000  7.516741
3.083333  7.091638
3.166667  6.668383
3.250000  6.247929
3.333333  5.831338
3.416667  5.419832
3.500000  5.014887
3.583333  4.618308
3.666667  4.232340
3.750000  3.859749
3.833333  3.503806
3.916667  3.168030
4.000000  2.855598
4.083333  2.568586
4.166667  2.307502
4.250000  2.071458
4.333333  1.858743
4.416667  1.667353
4.500000  1.495290
4.583333  1.340683
4.666667  1.201815
4.750000  1.077129
4.833333  0.965215
4.916667  0.864796
5.000000  0.774717
5.083333  0.693937
5.166667  0.621512
5.250000  0.556587
5.333333  0.498401
5.416667  0.446264
5.500000  0.399554
5.583333  0.357712
5.666667  0.320236
5.750000  0.286673
5.833333  0.256621
5.916667  0.229715
6.000000  0.205625
6.083333  0.184059
6.166667  0.164752
6.250000  0.147470
6.333333  0.132000
6.416667  0.118153
6.500000  0.105759
6.583333  0.094666
6.666667  0.084881
6.750000  0.076010
6.833333  0.068061
6.916667  0.060942
7.000000  0.054567
7.083333  0.048859
7.166667  0.043748
7.250000  0.039171
7.333333  0.035073
7.416667  0.031403
7.500000  0.028118
7.583333  0.025176
7.666667  0.022541
7.750000  0.020183
7.833333  0.018071
7.916667  0.016180
8.000000  0.014487
8.083333  0.012971
8.166667  0.011614
8.250000  0.010398
8.333333  0.009310
8.416667  0.008336
8.500000  0.007464
8.583333  0.006683
8.666667  0.005983
8.750000  0.005357
8.833333  0.004797
8.916667  0.004295
9.000000  0.003845
9.083333  0.003443
9.166667  0.003083
9.250000  0.002760
9.333333  0.002471
9.416667  0.002213
9.500000  0.001981
9.583333  0.001774
9.666667  0.001588
9.750000  0.001422
9.833333  0.001273
9.916667  0.001140
10.000000  0.001021
10.083333  0.000914
10.166667  0.000818
10.250000  0.000733
10.333333  0.000656
10.416667  0.000587
10.500000  0.000526
10.583333  0.000471
10.666667  0.000422
10.750000  0.000377
10.833333  0.000338
10.916667  0.000303
11.000000  0.000271
11.083333  0.000243
11.166667  0.000217
11.250000  0.000195
11.333333  0.000174
11.416667  0.000156
11.500000  0.000140
11.583333  0.000125
11.666667  0.000112
11.750000  0.000100
11.833333  0.000090
11.916667  0.000080
12.000000  0.000072

APAPS
0.000000  0.000000
0.083333  0.016737
0.166667  0.125917
0.250000  0.349402
0.333333  0.662985
0.416667  1.033363
0.500000  1.431785
0.583333  1.837191
0.666667  2.235550
0.750000  2.618223
0.833333  2.980348
0.916667  3.319571
1.000000  3.635131
1.083333  3.927238
1.166667  4.196664
1.250000  4.444487
1.333333  4.671928
1.416667  4.880254
1.500000  5.070724
1.583333  5.244551
1.666667  5.402897
1.750000  5.546858
1.833333  5.677452
1.916667  5.795627
2.000000  5.902263
2.083333  5.998176
2.166667  6.084121
2.250000  6.160800
2.333333  6.228857
2.416667  6.288887
2.500000  6.341438
2.583333  6.387011
2.666667  6.426061
2.750000  6.459004
2.833333  6.486213
2.916667  6.508018
3.000000  6.524710
3.083333  6.536535
3.166667  6.543694
3.250000  6.546338
3.333333  6.544560
3.416667  6.538387
3.500000  6.527765
3.583333  6.512537
3.666667  6.492419
3.750000  6.466963
3.833333  6.435512
3.916667  6.397163
4.000000  6.350750
4.083333  6.294883
4.166667  6.228073
4.250000  6.148934
4.333333  6.056406
4.416667  5.949920
4.500000  5.829478
4.583333  5.695636
4.666667  5.549417
4.750000  5.392197
4.833333  5.225579
4.916667  5.051284
5.000000  4.871059
5.083333  4.686600
5.166667  4.499511
5.250000  4.311266
5.333333  4.123190
5.416667  3.936457
5.500000  3.752082
5.583333  3.570935
5.666667  3.393741
5.750000  3.221099
5.833333  3.053488
5.916667  2.891282
6.000000  2.734759
6.083333  2.584117
6.166667  2.439480
6.250000  2.300913
6.333333  2.168425
6.416667  2.041980
6.500000  1.921507
6.583333  1.806902
6.666667  1.698033
6.750000  1.594742
6.833333  1.496867
6.916667  1.404231
7.000000  1.316651
7.083333  1.233937
7.166667  1.155891
7.250000  1.082315
7.333333  1.013008
7.416667  0.947773
7.500000  0.886414
7.583333  0.828739
7.666667  0.774560
7.750000  0.723695
7.833333  0.675968
7.916667  0.631209
8.000000  0.589253
8.083333  0.549944
8.166667  0.513130
8.250000  0.478667
8.333333  0.446419
8.416667  0.416253
8.500000  0.388047
8.583333  0.361681
8.666667  0.337043
8.750000  0.314027
8.833333  0.292532
8.916667  0.272464
9.000000  0.253733
9.083333  0.236254
9.166667  0.219947
9.250000  0.204738
9.333333  0.190555
9.416667  0.177332
9.500000  0.165006
9.583333  0.153519
9.666667  0.142816
9.750000  0.132845
9.833333  0.123557
9.916667  0.114907
10.000000  0.106853
10.083333  0.099354
10.166667  0.092373
10.250000  0.085875
10.333333  0.079828
10.416667  0.074201
10.500000  0.068966
10.583333  0.064095
10.666667  0.059564
10.750000  0.055350
10.833333  0.051431
10.916667  0.047786
11.000000  0.044397
11.083333  0.041246
11.166667  0.038316
11.250000  0.035593
11.333333  0.033061
11.416667  0.030708
11.500000  0.028522
11.583333  0.026489
11.666667  0.024601
11.750000  0.022846
11.833333  0.021215
11.916667  0.019701
12.000000  0.018293

