APAPS_exp
0.000000  0.000000
0.300000  0.760000
0.500000  1.970000
0.750000  2.960000
1.000000  3.410000
1.500000  4.060000
2.000000  4.240000
3.000000  4.240000
4.000000  3.710000
5.000000  3.200000
6.000000  2.680000
7.000000  2.150000
8.000000  1.660000
12.000000  0.720000

APAPG
0.000000  0.000000
0.083333  0.005141
0.166667  0.045478
0.250000  0.138626
0.333333  0.285753
0.416667  0.482123
0.500000  0.721058
0.583333  0.995492
0.666667  1.298651
0.750000  1.624337
0.833333  1.967035
0.916667  2.321911
1.000000  2.684783
1.083333  3.052058
1.166667  3.420674
1.250000  3.788038
1.333333  4.151963
1.416667  4.510621
1.500000  4.862494
1.583333  5.206331
1.666667  5.541113
1.750000  5.866020
1.833333  6.180402
1.916667  6.483757
2.000000  6.775705
2.083333  7.055977
2.166667  7.324391
2.250000  7.580850
2.333333  7.825312
2.416667  8.057788
2.500000  8.278332
2.583333  8.487035
2.666667  8.684013
2.750000  8.869409
2.833333  9.043382
2.916667  9.206104
3.000000  9.357758
3.083333  9.498531
3.166667  9.628616
3.250000  9.748206
3.333333  9.857494
3.416667  9.956668
3.500000  10.045915
3.583333  10.125418
3.666667  10.195351
3.750000  10.255885
3.833333  10.307186
3.916667  10.349410
4.000000  10.382710
4.083333  10.407235
4.166667  10.423126
4.250000  10.430522
4.333333  10.429560
4.416667  10.420374
4.500000  10.403100
4.583333  10.377872
4.666667  10.344829
4.750000  10.304115
4.833333  10.255879
4.916667  10.200277
5.000000  10.137475
5.083333  10.067649
5.166667  9.990985
5.250000  9.907683
5.333333  9.817955
5.416667  9.722026
5.500000  9.620136
5.583333  9.512536
5.666667  9.399492
5.750000  9.281279
5.833333  9.158186
5.916667  9.030510
6.000000  8.898558
6.083333  8.762643
6.166667  8.623084
6.250000  8.480202
6.333333  8.334324
6.416667  8.185773
6.500000  8.034872
6.583333  7.881943
6.666667  7.727300
6.750000  7.571255
6.833333  7.414109
6.916667  7.256157
7.000000  7.097684
7.083333  6.938962
7.166667  6.780257
7.250000  6.621818
7.333333  6.463883
7.416667  6.306680
7.500000  6.150420
7.583333  5.995304
7.666667  5.841516
7.750000  5.689231
7.833333  5.538608
7.916667  5.389795
8.000000  5.242924
8.083333  5.098118
8.166667  4.955488
8.250000  4.815130
8.333333  4.677133
8.416667  4.541572
8.500000  4.408513
8.583333  4.278013
8.666667  4.150117
8.750000  4.024862
8.833333  3.902279
8.916667  3.782392
9.000000  3.665215
9.083333  3.550759
9.166667  3.439025
9.250000  3.330011
9.333333  3.223709
9.416667  3.120104
9.500000  3.019179
9.583333  2.920911
9.666667  2.825275
9.750000  2.732240
9.833333  2.641775
9.916667  2.553844
10.000000  2.468409
10.083333  2.385431
10.166667  2.304867
10.250000  2.226674
10.333333  2.150808
10.416667  2.077224
10.500000  2.005873
10.583333  1.936708
10.666667  1.869683
10.750000  1.804747
10.833333  1.741853
10.916667  1.680951
11.000000  1.621992
11.083333  1.564928
11.166667  1.509711
11.250000  1.456292
11.333333  1.404622
11.416667  1.354656
11.500000  1.306346
11.583333  1.259645
11.666667  1.214508
11.750000  1.170891
11.833333  1.128749
11.916667  1.088038
12.000000  1.048716

APAP_exp
0.000000  0.000000
0.300000  8.940000
0.500000  14.670000
0.750000  16.770000
1.000000  16.630000
1.500000  14.890000
2.000000  13.980000
3.000000  10.850000
4.000000  8.140000
5.000000  6.120000
6.000000  4.450000
7.000000  3.130000
8.000000  2.720000
12.000000  1.200000

APAPG_exp
0.000000  0.000000
0.300000  0.330000
0.500000  1.750000
0.750000  3.650000
1.000000  4.710000
1.500000  7.740000
2.000000  9.320000
3.000000  10.780000
4.000000  10.750000
5.000000  9.480000
6.000000  8.130000
7.000000  6.780000
8.000000  5.180000
12.000000  2.050000

APAP
0.000000  0.000012
0.083333  6.541569
0.166667  9.154263
0.250000  10.589862
0.333333  11.709334
0.416667  12.637341
0.500000  13.406494
0.583333  14.036194
0.666667  14.542508
0.750000  14.939575
0.833333  15.239956
0.916667  15.454825
1.000000  15.594126
1.083333  15.666693
1.166667  15.680429
1.250000  15.642358
1.333333  15.558730
1.416667  15.435116
1.500000  15.276482
1.583333  15.087256
1.666667  14.871386
1.750000  14.632395
1.833333  14.373427
1.916667  14.097293
2.000000  13.806502
2.083333  13.502367
2.166667  13.189152
2.250000  12.866907
2.333333  12.537648
2.416667  12.202863
2.500000  11.863867
2.583333  11.521843
2.666667  11.177861
2.750000  10.832892
2.833333  10.487818
2.916667  10.143441
3.000000  9.800498
3.083333  9.459663
3.166667  9.121557
3.250000  8.786751
3.333333  8.455778
3.416667  8.129129
3.500000  7.807264
3.583333  7.490608
3.666667  7.179561
3.750000  6.874493
3.833333  6.575750
3.916667  6.283651
4.000000  5.998492
4.083333  5.720541
4.166667  5.450043
4.250000  5.187215
4.333333  4.932247
4.416667  4.685301
4.500000  4.446510
4.583333  4.215976
4.666667  3.993770
4.750000  3.779934
4.833333  3.574476
4.916667  3.377375
5.000000  3.188581
5.083333  3.008012
5.166667  2.835561
5.250000  2.671096
5.333333  2.514460
5.416667  2.365475
5.500000  2.223947
5.583333  2.089663
5.666667  1.962399
5.750000  1.841919
5.833333  1.727980
5.916667  1.620332
6.000000  1.518721
6.083333  1.422893
6.166667  1.332593
6.250000  1.247567
6.333333  1.167566
6.416667  1.092344
6.500000  1.021661
6.583333  0.955282
6.666667  0.892980
6.750000  0.834536
6.833333  0.779737
6.916667  0.728379
7.000000  0.680269
7.083333  0.635218
7.166667  0.593046
7.250000  0.553585
7.333333  0.516671
7.416667  0.482150
7.500000  0.449877
7.583333  0.419713
7.666667  0.391527
7.750000  0.365195
7.833333  0.340600
7.916667  0.317633
8.000000  0.296190
8.083333  0.276172
8.166667  0.257489
8.250000  0.240053
8.333333  0.223784
8.416667  0.208606
8.500000  0.194446
8.583333  0.181338
8.666667  0.169041
8.750000  0.157571
8.833333  0.146873
8.916667  0.136897
9.000000  0.127594
9.083333  0.118920
9.166667  0.110831
9.250000  0.103289
9.333333  0.096257
9.416667  0.089702
9.500000  0.083591
9.583333  0.077895
9.666667  0.072585
9.750000  0.067636
9.833333  0.063023
9.916667  0.058724
10.000000  0.054717
10.083333  0.050983
10.166667  0.047503
10.250000  0.044260
10.333333  0.041238
10.416667  0.038422
10.500000  0.035797
10.583333  0.033352
10.666667  0.031074
10.750000  0.028951
10.833333  0.026972
10.916667  0.025129
11.000000  0.023412
11.083333  0.021811
11.166667  0.020320
11.250000  0.018931
11.333333  0.017637
11.416667  0.016431
11.500000  0.015308
11.583333  0.014261
11.666667  0.013286
11.750000  0.012377
11.833333  0.011531
11.916667  0.010742
12.000000  0.010008

APAPS
0.000000  0.000000
0.083333  0.012179
0.166667  0.104437
0.250000  0.303569
0.333333  0.589551
0.416667  0.931412
0.500000  1.301598
0.583333  1.679606
0.666667  2.051629
0.750000  2.409076
0.833333  2.747049
0.916667  3.063119
1.000000  3.356434
1.083333  3.627111
1.166667  3.875829
1.250000  4.103579
1.333333  4.311501
1.416667  4.500783
1.500000  4.672613
1.583333  4.828138
1.666667  4.968448
1.750000  5.094572
1.833333  5.207473
1.916667  5.308045
2.000000  5.397121
2.083333  5.475471
2.166667  5.543813
2.250000  5.602815
2.333333  5.653088
2.416667  5.695183
2.500000  5.729612
2.583333  5.756840
2.666667  5.777300
2.750000  5.791384
2.833333  5.799455
2.916667  5.801842
3.000000  5.798847
3.083333  5.790741
3.166667  5.777774
3.250000  5.760168
3.333333  5.738125
3.416667  5.711825
3.500000  5.681431
3.583333  5.647086
3.666667  5.608920
3.750000  5.567047
3.833333  5.521569
3.916667  5.472578
4.000000  5.420157
4.083333  5.364381
4.166667  5.305322
4.250000  5.243045
4.333333  5.177617
4.416667  5.109104
4.500000  5.037576
4.583333  4.963107
4.666667  4.885776
4.750000  4.805673
4.833333  4.722896
4.916667  4.637553
5.000000  4.549765
5.083333  4.459667
5.166667  4.367405
5.250000  4.273139
5.333333  4.177041
5.416667  4.079294
5.500000  3.980095
5.583333  3.879647
5.666667  3.778163
5.750000  3.675860
5.833333  3.572960
5.916667  3.469688
6.000000  3.366267
6.083333  3.262920
6.166667  3.159864
6.250000  3.057310
6.333333  2.955463
6.416667  2.854519
6.500000  2.754663
6.583333  2.656068
6.666667  2.558897
6.750000  2.463299
6.833333  2.369408
6.916667  2.277349
7.000000  2.187230
7.083333  2.099146
7.166667  2.013181
7.250000  1.929403
7.333333  1.847871
7.416667  1.768631
7.500000  1.691716
7.583333  1.617151
7.666667  1.544950
7.750000  1.475118
7.833333  1.407651
7.916667  1.342539
8.000000  1.279762
8.083333  1.219296
8.166667  1.161110
8.250000  1.105169
8.333333  1.051433
8.416667  0.999858
8.500000  0.950396
8.583333  0.902996
8.666667  0.857602
8.750000  0.814158
8.833333  0.772611
8.916667  0.732906
9.000000  0.694987
9.083333  0.658798
9.166667  0.624279
9.250000  0.591375
9.333333  0.560025
9.416667  0.530174
9.500000  0.501764
9.583333  0.474737
9.666667  0.449040
9.750000  0.424618
9.833333  0.401417
9.916667  0.379386
10.000000  0.358473
10.083333  0.338631
10.166667  0.319811
10.250000  0.301967
10.333333  0.285054
10.416667  0.269030
10.500000  0.253853
10.583333  0.239482
10.666667  0.225878
10.750000  0.213006
10.833333  0.200828
10.916667  0.189312
11.000000  0.178423
11.083333  0.168130
11.166667  0.158404
11.250000  0.149215
11.333333  0.140536
11.416667  0.132341
11.500000  0.124604
11.583333  0.117301
11.666667  0.110409
11.750000  0.103908
11.833333  0.097775
11.916667  0.091991
12.000000  0.086538

