APAPS_exp
0.000000  0.000000
0.300000  0.760000
0.500000  1.970000
0.750000  2.960000
1.000000  3.410000
1.500000  4.060000
2.000000  4.240000
3.000000  4.240000
4.000000  3.710000
5.000000  3.200000
6.000000  2.680000
7.000000  2.150000
8.000000  1.660000
12.000000  0.720000

APAPG
0.000000  0.000000
0.083333  0.001347
0.166667  0.010767
0.250000  0.032200
0.333333  0.066976
0.416667  0.115480
0.500000  0.177639
0.583333  0.253113
0.666667  0.341414
0.750000  0.441963
0.833333  0.554141
0.916667  0.677309
1.000000  0.810826
1.083333  0.954061
1.166667  1.106399
1.250000  1.267243
1.333333  1.436017
1.416667  1.612168
1.500000  1.795164
1.583333  1.984496
1.666667  2.179678
1.750000  2.380242
1.833333  2.585742
1.916667  2.795754
2.000000  3.009871
2.083333  3.227702
2.166667  3.448878
2.250000  3.673044
2.333333  3.899861
2.416667  4.129007
2.500000  4.360173
2.583333  4.593064
2.666667  4.827401
2.750000  5.062914
2.833333  5.299346
2.916667  5.536453
3.000000  5.773999
3.083333  6.011761
3.166667  6.249521
3.250000  6.487075
3.333333  6.724224
3.416667  6.960777
3.500000  7.196549
3.583333  7.431364
3.666667  7.665047
3.750000  7.897432
3.833333  8.128354
3.916667  8.357650
4.000000  8.585161
4.083333  8.810727
4.166667  9.034189
4.250000  9.255382
4.333333  9.474140
4.416667  9.690292
4.500000  9.903656
4.583333  10.114043
4.666667  10.321250
4.750000  10.525062
4.833333  10.725244
4.916667  10.921548
5.000000  11.113702
5.083333  11.301420
5.166667  11.484396
5.250000  11.662312
5.333333  11.834837
5.416667  12.001636
5.500000  12.162373
5.583333  12.316720
5.666667  12.464360
5.750000  12.604998
5.833333  12.738360
5.916667  12.864203
6.000000  12.982319
6.083333  13.092534
6.166667  13.194713
6.250000  13.288758
6.333333  13.374613
6.416667  13.452257
6.500000  13.521705
6.583333  13.583006
6.666667  13.636240
6.750000  13.681514
6.833333  13.718962
6.916667  13.748737
7.000000  13.771013
7.083333  13.785980
7.166667  13.793838
7.250000  13.794803
7.333333  13.789096
7.416667  13.776944
7.500000  13.758580
7.583333  13.734240
7.666667  13.704161
7.750000  13.668580
7.833333  13.627733
7.916667  13.581853
8.000000  13.531172
8.083333  13.475918
8.166667  13.416316
8.250000  13.352586
8.333333  13.284942
8.416667  13.213594
8.500000  13.138747
8.583333  13.060600
8.666667  12.979345
8.750000  12.895170
8.833333  12.808257
8.916667  12.718780
9.000000  12.626909
9.083333  12.532807
9.166667  12.436633
9.250000  12.338537
9.333333  12.238667
9.416667  12.137162
9.500000  12.034158
9.583333  11.929785
9.666667  11.824167
9.750000  11.717423
9.833333  11.609667
9.916667  11.501010
10.000000  11.391555
10.083333  11.281403
10.166667  11.170649
10.250000  11.059386
10.333333  10.947699
10.416667  10.835673
10.500000  10.723386
10.583333  10.610914
10.666667  10.498328
10.750000  10.385698
10.833333  10.273087
10.916667  10.160558
11.000000  10.048169
11.083333  9.935976
11.166667  9.824031
11.250000  9.712383
11.333333  9.601081
11.416667  9.490168
11.500000  9.379687
11.583333  9.269677
11.666667  9.160176
11.750000  9.051218
11.833333  8.942836
11.916667  8.835063
12.000000  8.727926

APAP_exp
0.000000  0.000000
0.300000  8.940000
0.500000  14.670000
0.750000  16.770000
1.000000  16.630000
1.500000  14.890000
2.000000  13.980000
3.000000  10.850000
4.000000  8.140000
5.000000  6.120000
6.000000  4.450000
7.000000  3.130000
8.000000  2.720000
12.000000  1.200000

APAPG_exp
0.000000  0.000000
0.300000  0.330000
0.500000  1.750000
0.750000  3.650000
1.000000  4.710000
1.500000  7.740000
2.000000  9.320000
3.000000  10.780000
4.000000  10.750000
5.000000  9.480000
6.000000  8.130000
7.000000  6.780000
8.000000  5.180000
12.000000  2.050000

APAP
0.000000  0.000012
0.083333  5.526041
0.166667  8.164145
0.250000  9.731536
0.333333  10.977009
0.416667  12.018793
0.500000  12.892431
0.583333  13.619704
0.666667  14.218135
0.750000  14.702738
0.833333  15.086602
0.916667  15.381227
1.000000  15.596754
1.083333  15.742154
1.166667  15.825377
1.250000  15.853475
1.333333  15.832711
1.416667  15.768628
1.500000  15.666212
1.583333  15.529856
1.666667  15.363479
1.750000  15.170568
1.833333  14.954230
1.916667  14.717235
2.000000  14.462048
2.083333  14.190871
2.166667  13.905666
2.250000  13.608186
2.333333  13.299996
2.416667  12.982498
2.500000  12.656425
2.583333  12.324055
2.666667  11.985647
2.750000  11.642217
2.833333  11.294601
2.916667  10.943548
3.000000  10.589741
3.083333  10.233806
3.166667  9.876320
3.250000  9.517825
3.333333  9.158827
3.416667  8.799813
3.500000  8.441252
3.583333  8.083606
3.666667  7.727337
3.750000  7.372916
3.833333  7.020832
3.916667  6.671600
4.000000  6.325773
4.083333  5.983951
4.166667  5.646793
4.250000  5.315025
4.333333  4.989450
4.416667  4.670953
4.500000  4.360489
4.583333  4.059087
4.666667  3.767814
4.750000  3.487731
4.833333  3.219844
4.916667  2.965037
5.000000  2.724013
5.083333  2.497249
5.166667  2.284973
5.250000  2.087168
5.333333  1.903597
5.416667  1.733844
5.500000  1.577355
5.583333  1.433481
5.666667  1.301513
5.750000  1.180711
5.833333  1.070327
5.916667  0.969617
6.000000  0.877862
6.083333  0.794367
6.166667  0.718469
6.250000  0.649542
6.333333  0.587002
6.416667  0.530300
6.500000  0.478928
6.583333  0.432413
6.666667  0.390320
6.750000  0.352248
6.833333  0.317828
6.916667  0.286725
7.000000  0.258626
7.083333  0.233250
7.166667  0.210340
7.250000  0.189660
7.333333  0.170998
7.416667  0.154160
7.500000  0.138971
7.583333  0.125271
7.666667  0.112916
7.750000  0.101899
7.833333  0.091883
7.916667  0.082841
8.000000  0.074687
8.083333  0.067328
8.166667  0.060693
8.250000  0.054710
8.333333  0.049315
8.416667  0.044452
8.500000  0.040067
8.583333  0.036113
8.666667  0.032550
8.750000  0.029337
8.833333  0.026442
8.916667  0.023831
9.000000  0.021479
9.083333  0.019358
9.166667  0.017447
9.250000  0.015724
9.333333  0.014171
9.416667  0.012771
9.500000  0.011510
9.583333  0.010373
9.666667  0.009349
9.750000  0.008425
9.833333  0.007593
9.916667  0.006843
10.000000  0.006167
10.083333  0.005558
10.166667  0.005009
10.250000  0.004514
10.333333  0.004068
10.416667  0.003666
10.500000  0.003304
10.583333  0.002978
10.666667  0.002683
10.750000  0.002418
10.833333  0.002179
10.916667  0.001964
11.000000  0.001770
11.083333  0.001595
11.166667  0.001438
11.250000  0.001296
11.333333  0.001168
11.416667  0.001052
11.500000  0.000948
11.583333  0.000855
11.666667  0.000770
11.750000  0.000694
11.833333  0.000626
11.916667  0.000564
12.000000  0.000508

APAPS
0.000000  0.000000
0.083333  0.005663
0.166667  0.042848
0.250000  0.122659
0.333333  0.244393
0.416667  0.403518
0.500000  0.594299
0.583333  0.810849
0.666667  1.047594
0.750000  1.299465
0.833333  1.561973
0.916667  1.831213
1.000000  2.103839
1.083333  2.377017
1.166667  2.648380
1.250000  2.915970
1.333333  3.178195
1.416667  3.433776
1.500000  3.681711
1.583333  3.921232
1.666667  4.151771
1.750000  4.372934
1.833333  4.584468
1.916667  4.786243
2.000000  4.978231
2.083333  5.160484
2.166667  5.333125
2.250000  5.496331
2.333333  5.650321
2.416667  5.795351
2.500000  5.931700
2.583333  6.059667
2.666667  6.179564
2.750000  6.291711
2.833333  6.396429
2.916667  6.494039
3.000000  6.584861
3.083333  6.669205
3.166667  6.747378
3.250000  6.819674
3.333333  6.886376
3.416667  6.947757
3.500000  7.004074
3.583333  7.055573
3.666667  7.102482
3.750000  7.145016
3.833333  7.183370
3.916667  7.217726
4.000000  7.248245
4.083333  7.275069
4.166667  7.298320
4.250000  7.318097
4.333333  7.334475
4.416667  7.347504
4.500000  7.357204
4.583333  7.363562
4.666667  7.366533
4.750000  7.366030
4.833333  7.361926
4.916667  7.354050
5.000000  7.342185
5.083333  7.326067
5.166667  7.305390
5.250000  7.279808
5.333333  7.248947
5.416667  7.212408
5.500000  7.169786
5.583333  7.120681
5.666667  7.064714
5.750000  7.001538
5.833333  6.930862
5.916667  6.852456
6.000000  6.766168
6.083333  6.671933
6.166667  6.569778
6.250000  6.459828
6.333333  6.342304
6.416667  6.217522
6.500000  6.085887
6.583333  5.947880
6.666667  5.804054
6.750000  5.655017
6.833333  5.501418
6.916667  5.343940
7.000000  5.183279
7.083333  5.020138
7.166667  4.855214
7.250000  4.689185
7.333333  4.522707
7.416667  4.356404
7.500000  4.190862
7.583333  4.026627
7.666667  3.864200
7.750000  3.704037
7.833333  3.546545
7.916667  3.392088
8.000000  3.240981
8.083333  3.093498
8.166667  2.949873
8.250000  2.810297
8.333333  2.674925
8.416667  2.543877
8.500000  2.417240
8.583333  2.295070
8.666667  2.177399
8.750000  2.064230
8.833333  1.955548
8.916667  1.851317
9.000000  1.751482
9.083333  1.655976
9.166667  1.564718
9.250000  1.477616
9.333333  1.394568
9.416667  1.315466
9.500000  1.240194
9.583333  1.168633
9.666667  1.100659
9.750000  1.036147
9.833333  0.974970
9.916667  0.917000
10.000000  0.862108
10.083333  0.810169
10.166667  0.761056
10.250000  0.714646
10.333333  0.670817
10.416667  0.629450
10.500000  0.590429
10.583333  0.553642
10.666667  0.518979
10.750000  0.486333
10.833333  0.455603
10.916667  0.426690
11.000000  0.399498
11.083333  0.373937
11.166667  0.349918
11.250000  0.327357
11.333333  0.306175
11.416667  0.286295
11.500000  0.267642
11.583333  0.250149
11.666667  0.233748
11.750000  0.218375
11.833333  0.203972
11.916667  0.190481
12.000000  0.177847

